357
358
132
133
386
130
511
103
136
135
134
93
454
462
137
455
457
458
459
456
460
461
307
179
586
492
587
490
138
131
387
488
491
114
493
495
102
512
494
474
475
152
277
276
274
272
270
268
505
500
504
498
489
487
92
151
486
532
148
496
530
297
477
476
466
465
503
502
485
501
153
499
506
335
150
464
463
509
584
149
478
141
528
497
526
468
467
385
510
508
507
101
479
484
140
524
480
147
482
481
536
116
145
305
177
534
146
588
589
590
144
142
91
143
100
139
296
522
90
99
375
295
383
537
181
483
518
520
89
595
294
98
183
301
173
593
591
293
380
88
171
299
292
577
97
174
302
87
291
572
581
517
580
290
74
306
330
329
328
327
326
325
324
204
203
202
201
200
199
198
309
472
514
471
178
331
592
205
576
585
86
575
516
175
303
578
594
78
583
470
388
361
573
582
574
76
337
336
339
338
95
85
440
439
438
437
436
435
434
433
432
431
441
286
96
535
403
308
469
227
265
264
223
117
263
404
529
226
262
225
252
224
533
397
398
525
394
396
284
395
261
527
531
429
428
426
427
523
425
424
423
422
421
420
430
402
401
287
180
393
285
260
392
400
399
360
391
197
405
323
259
408
579
407
406
255
340
300
254
312
513
253
258
453
257
390
172
105
104
311
256
237
266
75
186
71
72
381
73
70
322
185
196
84
298
169
170
238
442
184
538
540
541
54
55
56
379
378
377
77
53
83
239
376
539
321
565
3
182
195
310
550
559
560
561
562
563
558
275
273
271
269
267
162
155
228
564
543
156
549
229
452
544
230
548
547
240
443
546
159
160
597
313
161
157
233
158
451
232
231
447
444
446
450
448
449
445
342
545
236
234
567
568
167
566
555
552
553
569
554
551
235
374
570
166
163
164
187
165
168
556
241
355
351
354
352
353
320
571
349
350
194
356
8
216
217
112
218
10
222
242
250
251
111
110
109
245
246
247
221
344
345
346
343
244
11
249
9
248
243
215
348
219
107
347
58
65
64
63
62
61
60
59
57
596
419
418
417
416
415
414
413
412
411
410
409
384
382
373
372
371
370
369
368
367
366
365
364
363
362
359
334
333
332
283
282
281
280
278
207
206
129
128
127
126
125
124
123
122
121
120
119
118
115
113
82
81
80
79
69
68
67
66
52
51
50
49
48
47
46
45
44
43
42
41
40
39
38
37
36
35
34
33
32
31
30
29
28
27
26
25
24
23
22
21
20
19
18
17
16
15
14
13
12
2
1
5
6
220
7
108
4
106
341
214
289
213
208
209
288
212
211
279
521
193
319
210
94
192
318
191
317
188
314
519
190
189
316
315
473
389
515
154
542
557
304
176
