129
128
127
126
125
124
123
122
121
120
119
118
80
42
41
40
39
38
37
36
35
22
21
34
33
32
31
30
29
28
27
26
25
24
286
596
275
273
271
269
267
573
574
441
431
432
433
434
597
435
436
437
438
439
440
576
575
23
20
572
577
298
266
256
579
257
258
259
260
261
262
263
264
265
430
420
421
422
423
424
425
427
426
428
429
209
212
213
211
210
214
208
215
216
309
342
582
217
218
221
219
220
222
578
583
339
338
337
336
94
3
580
453
581
335
594
131
181
138
83
410
84
288
277
276
274
272
270
268
137
361
283
226
592
225
585
223
388
224
340
134
135
136
464
463
466
465
591
374
341
593
130
514
473
595
360
468
467
4
66
51
43
370
362
5
411
350
343
59
67
52
44
155
163
371
363
412
9
543
351
558
551
566
344
60
169
156
164
48
367
544
416
559
552
567
355
538
160
64
168
8
70
571
228
548
556
563
53
6
47
366
454
7
71
415
462
11
354
68
45
372
364
133
413
54
69
46
132
159
373
365
347
63
333
332
414
352
50
167
157
369
353
547
345
158
61
165
545
562
570
419
555
346
62
207
206
166
349
560
232
546
553
162
231
568
235
561
234
233
541
540
554
58
569
230
590
229
550
565
56
10
55
49
72
368
73
589
348
356
588
161
306
65
57
418
417
549
379
564
304
377
176
376
170
378
78
18
17
15
14
13
16
236
584
19
139
359
12
323
2
197
1
76
227
443
442
284
461
105
104
285
77
112
110
109
111
108
106
444
481
107
445
448
446
449
450
447
460
539
459
456
458
452
457
455
301
390
480
178
302
173
482
451
174
520
314
479
391
358
357
303
392
393
397
518
402
396
394
395
401
404
403
315
400
399
398
175
522
324
198
299
188
250
325
297
199
322
171
316
237
251
587
189
536
244
245
246
247
321
243
317
249
248
534
241
242
240
326
586
200
320
318
239
319
478
238
190
93
74
196
327
201
191
476
477
516
524
195
192
194
193
310
511
375
328
202
526
515
150
528
386
517
329
203
75
300
103
537
508
182
507
330
204
380
497
151
172
408
287
521
483
519
407
308
140
496
406
530
405
532
312
180
313
311
184
535
186
185
183
187
493
153
529
494
533
525
527
531
523
331
205
475
474
154
510
381
296
149
305
177
255
254
252
389
253
387
143
142
148
92
542
295
144
505
504
141
145
82
498
146
490
500
307
179
492
513
488
102
147
294
512
557
289
484
506
117
499
501
502
152
503
491
95
485
486
487
489
293
91
495
290
509
96
292
101
114
291
97
90
279
81
472
471
100
85
470
385
89
469
116
98
99
86
88
87
383
409
384
382
334
282
281
280
278
115
113
79
