15
14
13
16
12
19
18
17
2
1
539
170
376
564
53
549
285
70
377
161
378
169
379
54
284
73
56
55
10
72
71
558
356
543
566
540
538
155
551
541
348
368
49
65
57
418
417
562
561
563
560
559
555
163
548
547
569
554
546
568
570
567
544
167
553
4
552
159
160
556
156
166
158
571
545
168
157
9
350
8
565
165
7
164
550
370
362
66
51
43
6
5
343
411
59
355
354
353
162
206
332
373
365
69
46
207
352
367
48
333
366
47
416
351
415
64
347
346
414
63
372
364
68
45
62
371
363
67
52
44
108
11
345
413
344
412
107
61
60
111
110
109
112
349
369
50
419
106
58
105
104
302
301
174
173
299
303
171
175
513
300
472
471
470
469
172
308
224
225
311
223
226
312
185
180
186
184
313
402
401
403
404
229
230
400
399
406
405
407
187
233
232
231
408
234
389
235
228
461
460
459
458
457
456
455
253
287
254
397
396
395
398
394
454
393
466
465
392
252
255
462
468
467
464
463
291
292
293
188
314
391
294
375
295
189
315
296
227
236
290
336
337
338
339
78
452
381
297
316
190
493
390
494
496
208
209
210
211
212
213
214
215
442
385
310
380
76
249
248
388
220
219
77
317
191
216
450
448
449
447
446
445
444
443
221
250
251
222
218
217
247
246
536
532
530
528
526
524
451
103
534
98
84
522
99
83
518
520
100
318
101
192
74
102
116
75
586
587
114
237
410
342
289
238
319
193
340
239
182
240
241
242
243
244
245
584
320
194
590
589
588
97
474
96
475
95
478
477
476
514
537
479
510
480
139
483
3
489
487
521
535
533
531
529
527
525
523
519
491
517
153
361
591
593
486
482
321
495
195
592
585
492
481
341
485
288
488
87
88
141
507
503
502
506
501
89
499
386
90
306
322
516
20
196
509
91
504
505
92
152
93
490
473
484
500
498
383
183
358
149
357
142
145
148
384
382
115
113
256
266
147
146
144
143
512
86
205
331
151
580
581
515
511
150
140
204
203
202
201
200
199
198
330
329
328
327
326
325
324
453
409
508
178
497
578
309
265
264
263
262
261
260
259
258
257
132
133
583
582
179
307
334
94
577
576
572
573
575
579
130
574
595
387
23
277
276
274
272
270
268
335
136
135
134
594
85
557
542
154
137
197
323
138
131
181
34
33
32
31
30
29
28
27
26
25
24
279
82
283
117
81
42
41
40
39
38
37
21
36
35
22
360
275
273
271
269
267
374
359
430
429
428
427
426
425
424
423
422
421
420
286
177
305
440
439
438
437
436
435
434
433
432
431
441
597
596
298
278
176
304
80
129
128
127
126
125
124
123
122
121
120
119
118
282
281
280
79
