15
539
284
161
285
376
302
174
299
171
300
513
311
184
313
185
472
223
186
225
180
226
187
287
235
402
79
14
13
16
18
17
12
19
2
1
170
10
564
549
368
49
356
348
418
417
65
57
53
4
70
377
169
566
558
551
543
9
8
7
378
370
362
66
51
43
379
54
6
411
350
163
155
73
5
343
59
56
55
72
571
563
556
548
71
570
562
555
547
569
561
554
546
373
365
69
46
367
48
568
560
553
545
366
47
416
355
168
160
415
354
167
159
567
559
552
544
64
347
414
353
166
158
63
372
364
68
45
346
62
333
332
371
363
67
52
44
207
206
541
540
11
538
413
352
165
157
412
351
164
156
345
61
344
60
565
550
162
369
50
419
349
58
108
107
106
111
110
109
105
104
112
303
301
175
173
312
308
172
471
470
469
224
234
233
232
231
230
229
228
401
188
314
403
404
400
399
189
315
452
236
215
214
213
212
211
210
209
208
316
190
442
227
249
248
220
219
339
338
337
336
216
310
250
221
251
389
450
449
448
447
446
445
444
443
222
218
217
247
246
461
460
459
458
457
456
455
317
191
397
396
395
394
393
392
391
398
390
451
405
406
83
454
466
465
407
462
318
342
468
467
192
464
463
408
289
290
291
252
253
292
319
193
84
244
243
242
241
240
239
238
245
237
293
294
182
254
295
296
340
320
194
255
3
587
586
584
593
591
590
589
588
592
585
288
381
297
514
321
195
341
139
20
375
493
483
473
361
494
496
322
385
196
266
256
77
388
78
95
96
410
453
536
532
530
528
526
524
380
97
75
534
518
522
116
520
114
475
474
76
482
479
478
477
476
481
480
98
103
309
265
264
263
262
261
260
259
258
257
306
99
100
101
74
102
94
581
580
578
577
576
489
487
486
485
484
145
144
143
142
583
582
575
573
572
579
574
140
23
507
147
146
141
506
503
502
501
499
510
150
183
488
491
509
149
148
505
504
386
508
151
153
595
594
500
498
517
537
515
521
519
535
533
531
529
527
525
523
497
331
205
152
492
490
495
34
33
32
31
30
29
28
27
26
25
24
516
557
542
154
197
204
203
202
201
200
199
198
323
330
329
328
327
326
325
324
181
82
279
283
81
117
178
42
41
40
39
38
37
21
138
137
136
135
134
133
132
131
130
36
35
22
383
358
85
86
277
276
274
272
270
268
275
273
271
269
267
360
87
512
511
359
88
89
430
429
428
427
426
425
424
423
422
421
420
90
441
440
439
438
437
436
435
434
433
432
431
91
597
92
93
596
387
374
298
286
335
80
307
305
304
179
177
176
129
128
127
126
125
124
123
122
121
120
119
118
357
409
384
382
334
282
281
280
278
115
113
