357
358
132
133
386
511
130
103
136
135
134
93
454
462
455
457
458
459
456
460
461
307
492
179
137
586
587
490
102
493
491
114
495
488
494
512
387
138
131
152
474
475
505
92
500
504
532
496
530
489
487
498
277
276
274
272
270
268
297
486
148
151
153
466
465
477
476
503
502
501
485
506
499
464
463
528
526
509
101
385
335
141
468
467
149
510
478
150
524
507
536
497
116
479
534
480
484
584
508
91
140
147
482
481
145
146
100
142
144
305
177
296
588
589
143
590
90
99
375
522
537
383
295
518
89
139
98
520
294
380
88
301
173
293
87
183
171
292
299
483
74
174
302
181
472
471
291
517
595
78
97
470
76
86
516
330
329
328
327
326
325
204
203
202
201
200
199
198
324
290
388
306
331
205
469
593
591
178
581
226
535
225
580
513
224
408
529
407
406
255
533
254
525
405
223
527
531
523
577
253
252
384
382
115
113
308
55
56
54
53
71
72
379
378
73
377
376
70
403
169
538
540
404
170
572
300
75
180
541
409
397
539
381
514
398
396
172
395
394
402
401
521
77
393
400
399
95
285
112
111
110
109
519
108
392
309
578
107
175
96
312
303
592
361
576
311
585
186
410
336
337
338
339
85
185
334
575
391
583
594
559
558
560
561
582
562
155
543
563
389
227
156
565
573
564
566
567
544
574
568
167
550
555
549
547
548
286
569
553
554
552
551
440
439
438
546
437
105
436
435
434
104
159
433
432
106
160
431
441
284
157
162
161
570
84
229
230
166
340
163
390
515
158
164
165
265
264
237
545
168
556
263
117
262
197
323
233
232
231
261
429
428
426
427
425
424
423
422
421
420
430
287
360
260
571
238
579
259
322
234
236
196
374
453
258
228
321
257
195
184
235
256
182
310
313
239
266
320
194
187
278
341
83
298
193
442
319
355
354
352
353
351
356
350
240
349
206
452
3
279
443
451
447
450
448
449
446
275
273
271
269
267
445
444
192
207
318
332
597
289
342
241
333
191
8
317
188
216
217
344
345
346
343
10
218
242
314
222
250
11
251
9
245
246
247
221
348
244
249
248
243
5
215
219
6
7
347
58
65
64
63
62
61
60
59
57
596
419
418
417
416
415
414
413
412
411
373
372
371
370
369
368
367
366
365
364
363
362
359
283
282
281
280
129
128
127
126
125
124
123
122
121
120
119
118
82
81
80
79
69
68
67
66
52
51
50
49
48
47
46
45
44
43
42
41
40
39
38
37
36
35
34
33
32
31
30
29
28
27
26
25
24
23
22
21
20
19
18
17
16
15
14
13
12
2
1
220
4
214
208
213
209
190
189
316
212
288
211
315
210
94
154
473
542
557
176
304
