357
375
113
115
382
384
513
78
76
380
74
103
102
101
100
99
408
407
469
470
471
472
226
255
406
225
254
93
92
91
90
89
88
98
53
56
55
54
379
376
378
377
224
253
405
87
70
71
72
73
409
523
524
525
526
527
528
529
530
531
532
533
534
535
536
537
169
538
540
522
521
496
520
495
519
494
518
493
492
517
170
539
541
358
153
223
252
114
116
383
385
491
297
296
295
294
293
510
388
292
512
77
381
75
112
111
110
109
108
291
454
455
456
457
458
459
460
461
462
463
464
465
466
467
468
173
301
174
302
516
172
511
171
300
107
299
152
488
490
489
487
386
86
389
486
180
308
410
398
399
400
401
402
403
404
509
397
396
395
141
503
504
502
500
506
394
501
505
498
179
307
334
499
393
485
507
285
186
392
149
185
311
312
200
201
202
203
204
205
199
183
198
326
327
328
329
330
331
325
324
148
478
474
476
477
480
558
559
475
479
560
561
562
155
515
290
543
482
563
97
151
484
178
306
147
335
146
481
387
142
145
391
156
566
564
567
565
132
133
150
568
544
144
167
555
143
569
553
554
551
550
549
552
547
548
106
96
546
95
159
140
160
497
580
586
268
270
272
274
276
277
581
587
508
157
570
130
161
162
166
163
229
230
105
104
158
164
84
165
136
135
134
545
168
556
227
85
336
337
338
339
390
361
483
340
233
232
231
137
139
284
237
578
584
571
514
177
305
138
595
131
234
236
374
303
175
590
583
589
582
588
238
235
228
154
286
542
557
322
321
320
319
318
317
196
195
194
193
192
191
316
190
189
315
188
314
278
181
197
323
313
182
341
187
184
310
279
239
356
355
354
353
352
351
350
206
349
176
304
594
289
207
332
591
593
309
240
83
360
333
577
451
450
448
449
447
446
445
444
443
442
452
572
592
579
585
597
576
287
265
453
264
241
263
117
573
575
262
3
208
261
94
440
439
438
437
343
344
345
346
436
435
434
420
421
422
423
424
425
426
427
428
429
430
433
432
431
441
260
209
574
259
210
258
257
267
269
271
273
275
211
256
7
6
5
4
8
10
9
11
348
266
212
298
473
242
213
342
288
214
243
215
244
245
217
218
219
220
221
222
246
247
248
249
250
251
347
59
60
61
62
63
64
65
57
58
1
2
12
13
14
15
16
17
18
19
20
21
22
23
24
25
26
27
28
29
30
31
32
33
34
35
36
37
38
39
40
41
42
43
44
45
46
47
48
49
50
51
52
66
67
68
69
79
80
81
82
118
119
120
121
122
123
124
125
126
127
128
129
280
281
282
283
359
362
363
364
365
366
367
368
369
370
371
372
373
411
412
413
414
415
416
417
418
419
596
216
