409
384
382
334
282
281
280
278
115
113
79
383
87
88
86
99
98
116
469
89
385
470
85
100
471
472
81
279
90
97
291
114
101
292
96
509
290
495
91
293
489
487
486
485
95
491
503
152
502
501
499
117
506
484
289
557
512
294
147
102
488
513
492
179
307
500
490
146
498
82
145
141
504
505
144
295
542
92
148
142
143
387
253
389
252
254
255
177
305
149
296
381
510
154
474
475
205
331
523
531
527
525
533
494
529
153
493
187
183
185
186
535
184
311
313
180
312
532
405
530
406
496
140
308
407
519
483
521
287
408
172
151
497
380
204
330
507
182
508
537
103
300
75
203
329
517
386
528
150
515
526
202
328
375
511
310
193
194
192
195
524
516
477
476
191
201
327
196
74
93
190
238
478
319
239
318
320
200
586
326
240
242
241
534
248
249
317
243
321
247
246
245
244
536
189
587
251
237
316
171
322
199
297
325
250
188
299
198
324
522
175
398
399
400
315
403
404
401
395
394
396
402
518
397
393
392
303
357
358
391
479
314
520
174
451
482
173
302
178
480
390
301
455
457
452
458
456
459
539
460
447
450
449
446
448
445
107
481
444
106
108
111
109
110
112
77
285
104
105
461
284
442
443
227
76
1
197
2
323
12
359
139
19
584
236
16
15
14
13
18
17
78
378
170
376
176
377
304
564
379
549
418
417
65
57
306
161
588
356
348
589
73
368
72
49
55
10
56
565
550
229
590
230
569
58
554
540
541
233
234
561
235
568
231
162
553
546
232
560
349
166
207
206
62
346
555
419
570
562
545
165
61
158
345
547
353
369
157
167
50
352
414
333
332
63
347
373
365
159
132
69
46
54
413
133
372
364
68
45
354
11
462
415
71
7
454
366
47
6
53
563
556
548
228
571
70
8
168
64
160
538
355
567
552
559
416
544
367
48
164
156
169
60
344
566
551
558
351
543
9
412
371
363
163
155
67
52
44
59
343
350
411
5
370
362
66
51
43
4
468
467
360
595
473
514
130
593
341
374
591
466
465
464
463
136
135
134
340
224
388
223
585
225
592
226
283
361
137
277
276
274
272
270
268
288
84
410
83
138
181
131
594
335
581
453
580
3
94
336
337
339
338
583
578
222
220
219
221
218
217
582
342
309
216
215
208
214
210
211
213
212
209
429
428
426
427
425
424
423
422
421
420
430
265
264
263
262
261
260
259
258
257
579
256
266
298
577
572
20
23
575
576
440
439
438
437
436
435
597
434
433
432
431
441
574
573
275
273
271
269
267
596
286
34
33
32
31
30
29
28
27
26
25
24
129
128
127
126
125
124
123
122
121
120
119
118
80
42
41
40
39
38
37
36
35
22
21
