19
12
15
14
13
18
17
16
2
1
10
539
564
549
170
161
368
49
418
417
65
57
376
356
348
9
4
53
8
7
70
5
6
377
54
11
571
563
556
548
169
378
566
558
551
543
379
370
362
66
51
43
55
73
56
570
562
555
547
367
48
71
72
64
416
355
168
160
59
343
411
350
163
155
366
47
569
561
554
546
373
365
69
46
565
550
63
347
415
354
167
159
284
567
559
552
544
568
560
553
545
333
332
371
363
67
52
44
372
364
68
45
108
107
106
62
346
414
353
166
158
111
110
109
105
104
285
207
206
162
60
344
369
50
61
345
412
351
164
156
538
413
352
165
157
541
540
112
58
419
349
302
303
301
174
175
299
173
300
171
311
312
308
313
184
185
223
513
172
224
186
225
180
226
187
472
471
470
469
235
234
233
232
231
230
229
228
188
287
314
189
315
402
401
403
404
190
400
399
316
452
208
215
214
213
212
211
210
209
310
191
317
442
220
219
216
339
338
337
336
249
248
221
236
461
460
459
458
457
456
455
218
217
222
450
449
448
447
446
445
444
443
250
251
247
246
454
227
466
465
192
318
468
467
389
451
398
390
397
396
395
394
393
392
391
20
462
464
463
342
405
193
406
319
83
182
407
194
320
252
245
237
244
243
242
241
240
239
238
289
253
3
408
290
587
586
584
291
292
593
591
590
589
588
592
585
293
294
295
340
296
195
254
321
514
139
493
288
341
255
84
494
297
196
322
496
483
381
473
385
375
410
266
256
77
453
78
522
95
96
518
114
536
532
530
520
103
475
474
309
528
526
524
116
388
482
479
478
477
476
534
23
481
480
97
75
98
306
265
264
263
262
261
260
259
258
257
102
101
100
99
145
144
143
142
489
487
486
485
484
581
580
578
577
576
140
583
582
575
573
572
579
574
507
361
183
506
503
502
501
499
147
146
141
380
94
76
517
491
150
509
151
510
537
488
505
504
508
149
148
515
153
516
535
533
531
529
527
525
523
500
498
34
33
32
31
30
29
28
27
26
25
24
386
595
594
521
519
331
205
497
152
492
490
495
204
203
202
201
200
199
198
181
42
41
40
39
38
37
21
557
542
154
330
329
328
327
326
325
324
197
323
74
358
283
138
137
136
135
134
133
132
131
130
36
35
22
178
279
117
82
383
81
360
275
273
271
269
267
277
276
274
272
270
268
511
512
359
430
429
428
427
426
425
424
423
422
421
420
597
596
93
441
440
439
438
437
436
435
434
433
432
431
92
91
90
89
85
88
87
86
387
374
298
286
335
80
129
128
127
126
125
124
123
122
121
120
119
118
307
305
304
179
177
176
357
409
384
382
334
282
281
280
278
115
113
79
