9401
7974
9399
9400
6334
6336
6388
9255
9268
9269
7906
6366
8270
9677
9256
6507
8219
6464
14820
6505
6352
6389
8243
6330
6344
9640
7402
6402
9644
9651
8484
6326
9638
6391
6386
9647
8235
9649
8254
9650
11981
8215
9653
6387
13668
7963
6325
9253
9263
9642
9643
14991
9654
8486
9637
6397
7972
8238
13320
15183
7976
9634
14930
13660
13655
14997
9636
8257
13478
13479
13480
8213
13477
12801
13476
14989
12995
15195
15189
15181
14586
14564
9635
15193
9641
15186
13328
9645
9646
9648
8234
9652
9656
8874
8881
6427
8868
13330
7107
14995
13317
13319
12058
12056
8076
15016
11983
12583
9767
9663
7713
6849
9639
6846
