6343
6330
6334
6326
6341
6325
6336
6337
8799
7962
6338
6366
14586
14564
6403
14649
14668
7967
6352
6389
8874
8881
8868
6586
9651
9638
13517
13479
13478
13477
13476
13480
6387
9647
9649
9650
9653
9654
9642
9637
9641
6505
7973
7976
6383
14711
9643
9636
9634
6615
9639
9635
9645
9646
9648
9652
6845
9656
6397
13644
13660
13655
13664
13668
8076
6849
15181
14925
9663
8213
6846
9358
13681
13685
9352
15193
9253
9255
9256
9257
9258
9259
9260
9263
9264
9265
9266
9268
9269
9404
7107
8270
9399
9400
9401
7402
12995
8475
8486
8483
7713
13984
13985
13986
13987
