9401
9400
9399
7967
9255
6334
9268
6336
6338
9269
6507
8270
9256
6366
9772
9677
6464
6505
6352
6389
8219
8243
6326
6341
6337
11981
9263
7402
6343
6330
6348
9253
6383
6387
8483
6403
9651
9638
9647
9649
9650
9653
9654
9642
9643
9637
9641
9636
9634
8257
6325
7971
8238
12056
12058
8486
7962
8235
8254
6397
8215
7976
8213
9639
8234
9635
9645
9646
9648
9652
9656
8874
8881
8868
6846
13668
13660
13644
13655
14991
14989
12995
14930
14995
8076
15016
14997
11983
12583
9767
13476
13477
13478
13479
13480
15181
14586
14564
7107
15193
14925
12801
9663
7713
6849
