189
185
181
191
601
591
582
613
602
592
583
202
196
614
1086
1079
1072
633
622
1090
634
623
1087
1080
1073
1091
1103
1096
1529
1522
1513
1537
223
1104
1097
207
1530
1523
1514
1538
668
1555
1544
1941
1937
1932
646
1946
1556
1545
669
188
2373
2366
2363
647
2376
1954
1950
182
1128
597
2374
2367
2364
2377
1112
2386
2383
588
6929
1129
2923
2840
2837
2926
598
1113
2387
2384
2659
589
2924
2841
2838
2927
1585
3418
1084
2930
2928
1567
1077
1586
3419
1085
2931
2929
1568
1078
2155
3697
1525
4676
2260
1935
1518
4098
2463
1526
8116
1519
9271
4099
2013
2464
2025
7265
2922
4568
7
8
391
392
2380
2381
3279
3250
3284
3492
3489
3172
3293
3288
3285
3649
3306
3776
3767
2277
2278
3104
3756
3631
9399
4784
2839
9268
9401
4265
4783
3103
9255
4252
9269
4251
2914
9256
3639
9400
3646
2915
4253
4782
3026
3027
3094
3440
9402
9260
9266
4749
9257
9258
4266
7399
7379
4263
4813
4257
4261
7432
7430
7389
4814
7395
7390
7391
7385
7415
7388
9267
7376
7402
7381
7410
7416
7401
7398
7382
7417
7406
7414
4262
7427
7459
7403
4988
4987
7433
7431
7404
7377
8336
8332
4977
9259
7428
8334
8331
4264
8356
8400
8347
7396
7384
7412
7405
7397
7413
9265
9264
4260
4256
344
345
7400
7378
7426
7425
7394
7408
179
180
621
911
912
1553
158
1554
159
175
173
53
2044
167
577
42
165
45
176
174
162
118
111
168
514
497
1310
166
612
600
163
500
119
112
406
385
590
1311
7538
7531
55
44
581
903
896
412
54
43
578
183
849
559
885
1504
7253
47
46
5115
5107
516
499
878
904
572
8329
897
515
498
874
7523
184
1505
886
502
5038
9689
9688
7511
7505
7503
7458
7450
7444
7440
7436
501
5116
5108
1542
879
9708
9678
1535
5068
875
8354
8344
837
5103
5041
2030
1527
632
5039
8394
8374
7588
7585
8391
1543
5069
1520
1536
1511
5104
1528
838
919
8414
8403
7572
7555
8434
7547
2041
2039
1521
1512
7583
2036
920
9714
7596
976
7616
2033
2032
5067
5059
8442
1565
7246
8443
7530
7522
7577
7567
8337
7481
7478
7474
7473
7470
7462
7461
1566
5047
8444
8342
8339
5064
5024
5077
5063
5036
7966
9693
9692
7515
7512
7499
7487
7475
7452
7445
8427
8421
5076
5062
7252
9713
9682
8376
8364
7516
7250
8348
2047
7537
7529
7536
7528
9702
7557
7249
8398
7968
7582
7576
5073
5061
7581
7575
5037
8333
8380
8358
7535
7527
8359
5070
5060
7967
7610
7604
5058
8377
8365
5057
7580
7573
7248
8330
7501
7494
7492
7484
7468
7467
7247
5042
8415
8408
7534
7526
9695
9683
7507
7497
7457
7443
7437
9690
9684
7502
7500
7491
7483
7456
7449
7442
7434
5056
7532
7524
8338
8432
8426
8411
7559
8431
8425
7579
7571
5227
5223
5221
5219
5217
5147
5145
9707
9680
7521
9712
9699
7520
5065
8355
7495
7488
7486
7477
7466
7465
9691
9685
7513
7504
7496
7476
7455
7448
7441
7578
7569
8353
8343
8352
8341
8335
7489
7485
7480
7479
7472
7464
7463
8436
7549
7541
7566
7974
9704
7564
8430
8424
5053
9711
9679
8384
8370
7519
5050
8346
8351
9719
7598
5111
8392
8373
8340
8390
8372
9696
9686
7510
7498
7490
7471
7454
7447
7438
8363
9705
7562
9700
9687
7506
7493
7482
7469
7453
7446
7435
8397
7590
7615
7609
7614
7608
8389
8429
8423
8387
5066
9709
9694
8381
8368
7518
8388
8428
8422
8362
9701
9681
8378
8366
7517
8350
7618
5228
5224
5222
5220
5218
5148
5146
5215
8420
8349
8419
8413
8405
7613
7607
9703
7560
8385
8371
1176
9706
7558
8396
7539
7533
8409
5112
7570
7554
8399
7568
7553
8386
8418
8407
8402
8361
8448
8383
8360
7254
8441
7546
8440
7545
7612
7606
8382
8369
7565
7611
7605
8449
8379
8367
7603
9716
7602
7594
8439
8417
8410
8401
7552
7544
8416
8412
8406
5302
5300
5296
5292
5288
5284
5173
5169
5216
9720
7595
5117
5109
8357
1177
7563
9718
7601
7593
7561
7623
7622
7525
8438
7551
7543
8450
8437
5018
7550
7542
8460
5040
7621
9721
7600
7592
9697
7514
7509
7508
7451
7439
4989
9717
7599
7591
8463
5118
5110
8457
9710
9698
5071
8345
5303
5301
5297
5293
5289
5285
5174
5170
8464
8461
7620
5105
7619
5019
8458
8454
5113
8395
8375
8451
5330
7589
7586
8393
5072
8465
8462
8455
5106
8452
5431
5430
5429
5428
5427
5426
5345
5344
8459
7574
7556
8404
5114
8435
7548
8456
5331
8453
7584
9715
7597
5493
5491
5489
5487
5485
5483
5419
5416
7617
5362
8445
8446
5494
5492
5490
5488
5486
5484
5420
5417
5432
8447
59
9740
9739
9738
9737
9736
9735
9725
9724
9547
9543
9535
9531
9527
9519
9487
9483
201
5433
9549
9548
9545
9544
9537
9536
9533
9532
9529
9528
9521
9520
9489
9488
9485
9484
9741
9551
9550
9546
9538
9534
9530
9522
9490
9486
9553
9552
8486
8485
9554
8487
9766
8510
444
81
522
523
6368
440
355
362
432
221
50
49
48
9263
2553
14
827
1153
772
505
504
503
352
16
15
4360
74
828
1
446
75
302
855
448
447
72
2
6370
425
10
9656
9641
9639
9638
9637
9636
9635
9634
734
9625
9049
9045
9041
9037
9033
9029
9025
9021
353
790
436
7375
6423
1167
1147
8808
7953
7949
7948
791
9051
9050
9047
9046
9043
9042
9039
9038
9035
9034
9031
9030
9027
9026
9023
9022
281
8895
860
8746
1168
6505
7429
8810
8809
7954
7950
8898
1157
9052
9048
9044
9040
9036
9032
9028
9024
1142
861
798
19
982
8748
8747
348
1063
9627
8811
20
5392
8714
7964
7962
7961
799
8749
6353
7986
23
9642
21
8716
8715
7965
7963
1190
5155
5393
2010
17
9057
8794
8789
8785
8781
8777
8773
8769
8765
8698
735
9622
9629
8717
1191
6411
284
8706
6334
7959
7957
7956
1280
567
6875
5156
9726
9059
9058
5698
8796
8795
8791
8790
8787
8786
8783
8782
8779
8778
8775
8774
8771
8770
8767
8766
8700
8699
6579
7985
9655
6506
795
800
79
8708
8707
7960
7958
6369
9060
9017
6507
8797
8792
8788
8784
8780
8776
8772
8768
8701
5699
5324
8468
8804
7951
7946
7945
402
8897
309
796
801
71
743
6615
9019
9018
9628
8709
305
6392
7976
7975
575
206
5559
9722
8806
8805
7952
7947
351
8878
1179
926
908
803
9020
1712
6327
7977
993
7990
6339
6385
6371
9626
8807
2115
5560
308
211
8754
8690
8686
8678
8670
8666
8662
8658
8654
8882
1180
804
1127
994
6336
981
6367
6664
933
9645
7992
6844
61
8894
68
67
66
65
63
62
64
6352
9765
9069
51
6389
6457
8756
8755
8692
8691
8688
8687
8680
8679
8672
8671
8668
8667
8664
8663
8660
8659
8656
8655
314
6424
1014
8971
5469
220
6384
171
2086
8089
513
512
511
510
508
507
506
509
8893
8876
8881
1015
82
5630
9071
9070
8757
8693
8689
8681
8673
8669
8665
8661
8657
195
9004
9001
1008
9160
6341
2087
6387
5129
6407
6415
5470
317
6580
6463
5247
172
1232
1308
232
6550
542
6333
556
9072
7972
7971
767
984
8750
1199
9162
9161
983
9113
9011
6391
805
1028
1825
8722
8869
1233
5130
1309
156
9742
543
599
1045
5248
8954
151
8752
8751
320
2601
6443
7973
1151
6496
239
2623
2513
6782
989
6585
1200
9163
806
5842
5841
5840
5839
5838
5837
5836
5835
8871
8870
8724
8723
6730
1834
157
57
894
8956
8955
8753
8476
8891
382
6968
6956
5391
2602
1269
1152
5664
1828
8872
291
8725
7767
7766
7765
7763
7762
7761
7760
7759
3833
325
58
1835
7813
7812
7811
7808
7806
7804
7803
7802
8957
248
807
6662
895
8874
8836
6337
8880
6880
6790
5602
8892
2958
1829
6861
9666
9653
9652
9651
9650
9649
9648
9647
552
9728
8875
6458
5665
773
9102
9098
9094
9090
9086
9082
9078
9111
9661
164
4174
8793
5691
763
762
759
754
751
748
744
740
294
88
961
6726
9127
808
1533
2246
8838
8837
5700
8570
8569
8568
8567
8566
8565
8564
8563
303
517
328
6386
6326
9660
8702
8694
8682
8674
1821
553
2959
6847
254
3012
5741
5603
397
56
865
909
5203
6845
5211
962
745
856
89
6661
7009
4175
7711
5701
6894
5209
5207
5205
9104
9103
9100
9099
9096
9095
9092
9091
9088
9087
9084
9083
9080
9079
6472
6471
6470
6468
6467
6466
6462
6460
764
6413
2247
8839
375
802
6843
1534
8759
8734
7740
6988
304
6420
1822
893
6885
190
5213
5143
5141
6010
6008
6006
6004
6002
6000
5998
5996
6347
3013
387
8704
8703
8696
8695
8684
8683
8676
8675
3473
8926
8883
8856
8868
7010
290
8960
834
7800
910
1653
331
5742
857
9768
794
1201
8961
8942
8726
268
792
5204
7256
289
5212
6474
8798
8761
8760
8736
8735
2090
1213
1747
8081
5210
1827
5208
5206
395
9105
9101
9097
9093
9089
9085
9081
376
8840
7075
388
1095
6428
8558
901
554
6947
605
8928
8927
3474
6682
8885
8884
8858
8857
8705
8697
8685
8677
7101
8896
5214
5144
5142
2461
8167
1431
6011
6009
6007
6005
6003
6001
5999
5997
6547
6545
7016
1415
6426
8930
8574
7076
1926
1906
6351
540
2378
793
6945
8824
8820
6676
8963
8962
8944
8943
8728
8727
8762
8737
13
9677
5669
8877
9570
396
8200
555
902
138
1957
8842
8841
8929
3799
8886
8859
606
1013
5325
2647
2643
2639
2633
2626
2620
2613
441
437
433
429
426
423
421
419
415
334
548
8916
1432
8008
1416
541
1927
1907
5171
8932
8931
6414
2462
5350
5348
5346
5243
5239
5235
5153
5151
1265
8964
8945
8729
6052
6050
6048
6046
6044
6042
6040
6038
1057
8121
9675
8959
6578
5806
1958
8826
8825
8822
8821
2148
7061
3063
2379
760
7144
8843
2668
2665
2661
2654
2646
2642
2637
2629
2508
4146
4116
4115
4112
7103
2983
7718
7717
9572
9571
3800
7987
1088
7131
9672
9671
9663
9662
8933
73
1683
1674
1663
2455
5326
2648
2644
2640
2634
2627
2621
2614
442
438
434
430
427
424
422
420
416
335
549
9016
5172
1726
1705
1701
1695
1691
1503
7751
2149
6990
6987
6983
6980
6977
6975
6973
6970
6955
5351
5349
5347
5244
5240
5236
5154
5152
8270
761
8827
8823
6053
6051
6049
6047
6045
6043
6041
6039
1739
883
7784
7127
7988
1887
1709
1667
2456
9586
9582
9578
9574
7189
1089
6587
6584
6581
7109
8912
8976
1212
1593
1453
1446
1438
9573
9770
5749
1711
7173
6338
1908
6786
6785
6783
6600
6596
6593
6591
6552
1807
9658
891
1727
1207
1197
948
5425
2991
2989
2986
2980
2973
2970
2967
692
678
666
654
643
628
619
607
595
586
1697
6340
9673
1728
1039
4714
5245
5241
5237
5352
6797
6795
6793
6789
6731
6604
6582
1740
1888
1894
992
1641
1636
1633
1627
939
931
924
884
5412
5409
5406
5403
5400
5397
5329
5328
1531
1675
1548
1427
1421
1417
6799
6784
8571
970
8914
8913
8243
1909
1606
9588
9587
9584
9583
9580
9579
9576
9575
1100
1698
8219
6028
9659
6724
6688
7757
7756
9128
9112
4754
8033
8031
8027
9458
9454
9450
9446
1729
917
899
892
5131
1208
1198
949
9668
5834
1895
6630
6627
6624
6621
7081
1549
7647
2992
2990
2987
2981
2974
2971
2968
693
679
667
655
644
629
620
608
596
587
1676
1040
2119
8045
8041
8039
8037
8035
6388
1532
1202
906
940
932
925
389
5246
5242
5238
5353
9669
6390
5465
5460
5455
5450
5448
5446
5389
5387
8044
8029
1244
1239
1234
1227
1222
1217
971
969
966
963
958
952
944
936
928
8915
8025
2107
1755
1879
1626
1614
4755
5990
1830
7277
5280
8873
9670
5181
9589
9585
9581
9577
918
900
7268
1550
3099
3095
2920
6106
7758
8988
1622
1442
1998
1995
1990
1985
5191
5185
1007
6427
5179
9771
9594
9590
2027
8197
5132
1524
1517
9460
9459
9456
9455
9452
9451
9448
9447
9133
9126
7801
1203
907
5195
5189
5135
5133
2918
2916
2911
2909
2901
732
6577
6576
6575
6574
6573
6571
6569
6567
6565
6548
6546
6544
6543
6542
6539
5520
3490
3487
3485
3483
3481
3479
3477
1313
1304
1297
1291
1287
1283
1278
1274
1270
1165
6962
6684
1753
1221
1216
1215
1214
1209
1204
957
951
943
935
927
921
914
905
898
1819
4809
1101
6332
719
1831
5413
5410
5407
5404
1847
3097
2904
1899
1885
1880
1702
1696
1684
5466
5461
5456
5451
5449
5447
5390
5388
6461
6475
1484
1478
1471
1460
5991
6464
2392
5281
3100
3096
2921
2170
2163
2158
2116
2109
2105
2102
2099
2095
1903
1897
1890
1883
1877
1872
8990
8989
2112
1892
1716
1713
1710
1706
1506
5182
5735
6107
4810
5165
6681
6572
6570
6568
6566
6564
6563
6562
6561
6558
6541
6538
6536
6534
6532
6530
32
733
4157
4132
4130
4128
6497
3225
1848
5192
5186
5180
1489
1476
1469
5981
186
39
38
37
36
35
34
33
9596
9595
9592
9591
9461
9457
9453
9449
5320
5316
5175
2919
2917
2912
2910
2902
6425
8562
5149
1717
1692
5196
5190
5136
5134
5233
6397
5571
3491
3488
3486
3484
3482
3480
3478
9466
9462
1314
1305
1298
1292
1288
1284
1279
1275
1271
1166
1820
1900
1886
6780
6776
6770
6763
1470
1459
1458
1444
1443
1436
2171
2164
2159
2117
2110
2106
2103
2100
2096
1904
1898
1891
1884
1878
1873
3098
2905
3064
5467
5462
5457
5452
967
2488
2168
2161
2156
2152
2145
2141
2137
2097
2093
2091
2088
2084
2079
1875
1870
5526
5525
5524
5523
5522
5521
5459
5454
1164
1163
1162
1161
1158
1154
1148
6366
5736
3226
8991
2113
1893
8758
3273
3265
3244
6781
6774
6768
6054
1483
1477
1450
6583
12
5415
193
5311
5177
7897
5166
6586
3065
5161
5159
3296
3289
3286
3280
3277
9065
187
482
481
480
479
478
477
476
475
2160
2154
1940
1936
1930
1451
6769
6762
6761
6752
6751
6747
5988
5321
5317
5176
9597
9593
3044
2489
2169
2162
2157
2153
2146
2142
2138
2098
2094
2092
2089
2085
2080
1876
1871
5670
5150
5994
5234
3497
9598
3294
3255
226
5572
3825
3823
3821
3819
3817
3813
3811
1498
1494
1490
1485
1479
1472
1464
1454
1447
1439
9468
9467
9464
9463
6406
6405
6401
6399
6396
6395
6394
9654
9646
5342
5340
5338
5336
5334
5332
5229
5225
2037
2147
1959
1953
1949
1944
6779
6775
6756
5468
5463
5458
5453
968
3432
5265
5263
5261
5259
5253
9106
9073
3274
3266
3245
7668
7667
7666
7665
7664
7663
7652
7651
272
267
120
106
100
7077
8992
6055
1960
1931
6887
6884
6879
6868
6866
6757
3498
5464
9772
194
5312
5178
6417
3297
3290
3287
3281
3278
9067
9066
810
753
301
9003
1312
1016
1010
1004
1003
1001
999
998
996
995
5162
5160
3433
6787
8710
8917
776
5358
5356
5249
7889
6898
6897
6893
6890
6864
366
964
959
953
945
937
929
922
915
5995
6791
3295
3256
8730
8718
672
2630
2624
2618
2611
2605
2599
2595
2582
2476
2360
2355
2351
2345
2335
2325
2313
9600
9599
5600
3826
3824
3822
3820
3818
3814
3812
9469
9465
1499
1495
1491
1486
1480
1473
1465
1455
1448
1440
5343
5341
5339
5337
5335
5333
5230
5226
2038
6901
6882
2999
2584
9746
9745
9744
9743
1707
5269
5267
5266
5264
5262
5260
5255
5254
5231
5157
1074
9470
9108
9107
9075
9074
8497
8496
8495
8494
8493
8492
8480
8479
6349
6348
6344
6343
6330
6329
9068
8020
4895
6438
6437
6436
6435
6434
6433
6432
6431
6430
6422
7906
5354
5250
7648
8970
8958
372
8022
7148
7147
7145
9352
6521
8712
8711
5507
5503
5421
6503
6501
367
4978
673
8626
965
960
954
946
938
930
923
916
5276
5322
5318
5314
6036
8763
6891
8732
8731
8720
8719
7150
7149
7132
7105
7104
2631
2625
2619
2612
2606
2600
2596
2583
2477
2361
2356
2352
2346
2336
2326
2314
6895
9601
238
231
219
210
7170
7168
7166
7164
7162
7161
7160
5601
6777
6771
6765
6759
6754
6749
6745
6741
6736
6709
9164
9143
4915
6846
5386
5385
5384
5383
5382
5381
5313
5308
4621
3093
2966
2960
2957
2955
2953
2951
2947
2906
2903
2898
2894
2886
2880
2874
2862
9
7969
9602
5569
5567
5565
1708
5563
1632
755
5405
5402
5401
5399
5395
5270
5268
5257
5256
5251
5232
5158
7146
7106
9472
9471
9109
9076
6350
6345
6331
5643
5641
5639
5637
5635
5633
5616
5614
393
390
386
383
371
364
361
443
439
435
431
381
377
370
363
360
354
113
105
99
94
87
80
7745
8879
378
5499
5423
5309
5306
8481
1130
4707
7646
5508
5504
5422
5000
9110
9077
8021
8713
5323
5319
5315
1703
1699
1693
1689
1679
1670
1664
1660
6037
3390
3075
3079
2891
2883
2877
2871
2866
2860
2848
6150
5277
1617
8799
6705
8852
8733
8721
22
5304
3471
3469
3467
3463
3459
3451
3445
3394
5575
7100
7060
7007
7006
7005
7004
7003
7002
7000
6965
6943
6942
6941
6940
6939
6938
4592
6728
3903
3189
8899
8764
7955
365
7013
528
8245
8244
8242
8241
8240
8239
8236
5653
8062
8061
8060
8059
8058
8057
8056
8055
8054
8053
1220
1118
756
8848
8832
7307
7143
7108
7099
7098
7097
7096
7095
7093
7091
7074
7058
7056
7054
7052
7050
7048
7017
5444
5442
5440
5438
5436
5434
5377
5375
3904
3188
2850
253
247
246
236
235
227
217
208
204
197
192
8738
76
445
7970
2006
9604
9603
5570
5568
5566
5564
7643
5479
5477
5475
5471
5411
5408
5396
5327
5273
5258
5252
9156
9152
9139
9135
9122
9118
9061
9053
8997
8993
8950
8946
8864
8860
8800
9473
6486
5644
5642
5640
5638
5636
5634
5617
5615
2607
2490
1249
854
797
9005
5001
6379
6378
6376
6375
6549
2469
8977
403
1268
5310
5307
5500
5424
1131
6373
6372
9491
9002
5618
2616
2609
2603
2597
2593
2591
2587
2576
2572
2473
2349
2343
2333
2323
2311
2303
2295
1041
9764
9733
9723
5361
5360
5359
5527
1618
1704
1700
1694
1690
1680
1671
1665
1661
3391
3076
3080
2892
2884
2878
2872
2867
2861
2849
6151
5414
7894
11
752
5305
8854
8853
3472
3470
3468
3464
3460
3452
3446
3395
5576
9360
9354
7318
3349
3342
3333
3326
3321
3316
3311
3196
529
6858
8016
8007
8006
18
6365
6363
6361
6360
6357
6355
5654
4397
4395
4393
4391
4387
4383
4381
3045
3042
3038
3033
3028
3024
3020
3016
3010
2943
417
413
410
139
708
9358
8850
8849
8834
8833
8205
8204
8203
8202
8201
8193
8192
8191
8190
8189
8188
8187
8185
8184
8183
8182
7355
5445
5443
5441
5439
5437
5435
5378
5376
4736
4158
3905
3894
3689
3684
3681
3676
3671
3664
3657
2851
706
698
696
686
684
674
662
650
639
626
617
809
8742
870
8740
8739
2007
9605
5598
5594
5592
5590
5843
5747
7645
7644
7628
5528
5480
5478
5476
5473
5472
5398
5394
5379
9560
9148
6364
6362
6359
6358
6356
6354
5
3
1587
6328
9640
9633
9631
9158
9157
9154
9153
9141
9140
9137
9136
9124
9123
9120
9119
9063
9062
9055
9054
8999
8998
8995
8994
8952
8951
8948
8947
8866
8865
8862
8861
8802
8801
5687
5685
5683
5681
5678
5674
5657
5655
2608
2491
609
9010
5357
5355
409
6380
6377
2470
8196
8164
9763
9731
1042
680
6374
8816
9493
9492
6223
5619
2617
2610
2604
2598
2594
2592
2588
2577
2573
2474
2350
2344
2334
2324
2312
2304
2296
5509
5505
5501
9497
9496
9474
8908
5844
5748
8475
6692
6690
6689
6685
6180
7128
7090
7089
7059
7057
7055
7053
7051
7049
7047
5481
8980
398
261
5418
8855
5579
4696
4685
9359
9353
7142
7141
7140
7139
7138
7136
7134
7129
887
1588
9665
418
414
411
140
4398
4396
4394
4392
4388
4384
4382
358
3046
3043
3039
3034
3029
3025
3021
3017
3011
2944
8918
5945
5849
6382
6381
9753
9752
9751
9750
9749
9748
9730
9729
8851
8835
8309
7261
7243
7200
7199
7197
7195
7194
7193
7192
7190
7172
7171
7169
7167
7165
7163
6963
4737
4668
4159
3895
707
699
697
687
685
675
663
651
640
627
618
8844
8812
2585
871
8744
8743
8741
8266
6222
5599
5595
5593
5591
298
237
228
218
209
205
203
2082
5497
5495
7984
7983
7982
7981
7980
7979
263
6
4
610
9760
9758
9755
9747
7653
7642
7641
5531
5530
5511
5474
5380
9523
9515
9511
9507
9502
9498
9479
9475
9165
9144
9129
9114
9006
8972
8938
8934
8922
8900
8887
1646
9562
9561
9159
9155
9150
9149
9142
9138
9125
9121
9064
9056
9000
8996
8953
8949
8867
8863
8803
6700
6590
6551
5688
5686
5684
5682
5679
5675
5658
5656
2995
2961
271
266
216
129
127
123
116
109
103
97
92
85
8267
9559
9495
955
947
3081
7678
5946
5850
1650
6508
1009
9494
6224
5832
5510
5506
5502
1094
8818
8817
5659
3084
2956
2954
2952
2950
2946
2945
2942
2897
2893
2885
2879
2873
2868
2863
2845
2842
282
279
277
275
269
264
251
244
233
224
214
7672
934
2018
9356
9350
147
8910
8909
5596
1189
2051
8077
8076
399
6181
9357
9355
9351
9349
5482
262
8982
8981
526
312
257
249
240
4899
4898
4897
4896
4894
4893
4892
4891
2437
9727
5622
7316
7308
4742
4733
720
563
560
557
9676
359
4619
4617
4615
4613
4611
4609
4607
3414
3412
3410
3408
3406
3404
3402
3398
3396
3392
5498
5496
2083
9610
6383
9435
9407
9403
9398
9397
9262
9254
8920
8919
8257
8254
8238
8237
8235
8234
8232
8231
8230
8215
8214
8213
8212
8211
8210
8209
8208
8206
1149
1145
1143
1138
1136
1132
1123
1114
1107
1098
1092
2586
52
1515
3271
3263
3253
3242
3236
3230
2370
1967
1963
1317
1813
956
950
942
8846
8845
8814
8813
8745
811
1651
1648
1644
1637
1634
1628
681
287
285
4986
4985
4980
4979
4976
4975
4974
4973
5651
5649
5647
5645
736
690
676
664
652
641
637
8979
1647
9734
9732
7662
7660
7659
7658
7657
7654
7650
5586
5532
5529
9618
9361
9345
9341
9337
9333
9329
9325
9321
9317
9313
9305
9301
9297
9293
9289
9285
9281
9272
8984
8965
9563
9525
9524
9517
9516
9513
9512
9509
9508
9504
9503
9500
9499
9481
9480
9477
9476
9167
9166
9151
9146
9145
9131
9130
9116
9115
9008
9007
8974
8973
8940
8939
8936
8935
8924
8923
8902
8901
8889
8888
7909
7731
7730
7729
7708
6857
6727
6697
3910
3908
3453
3447
3091
3085
2996
2962
2589
2578
2122
2120
1804
1796
1210
1205
757
715
711
660
630
130
128
124
117
110
104
98
93
86
3382
1738
283
280
278
276
270
265
252
245
234
225
215
6678
9762
9761
9759
3185
5663
6663
7920
5833
9643
4162
3900
3897
3679
3674
3669
3662
3655
3653
3651
8978
8819
5660
3465
3461
3457
3449
3443
3438
3436
3428
3424
3386
3207
3205
3201
3197
3194
3186
3183
1735
7673
2438
6856
7750
7747
6631
5573
5201
5199
5197
5193
5187
5183
5139
5137
4224
4222
4220
4218
4216
4214
4212
4164
148
1824
1823
1818
8911
5597
1734
1468
1457
1449
1441
1435
1428
1422
9754
4926
4923
4916
4912
4909
4908
4907
4906
862
8983
1733
532
527
313
258
250
241
9757
9756
721
564
561
558
5623
1741
9539
8005
7991
7989
1732
888
880
1516
4620
4618
4616
4614
4612
4610
4608
3415
3413
3411
3409
3407
3405
3403
3399
3397
3393
8478
297
7046
1027
9612
9611
9441
9436
9410
9409
9408
9406
9405
9404
9280
9270
8921
1150
1146
1144
1139
1137
1133
1124
1115
1108
1099
1093
9134
229
1652
1649
1645
1638
1635
1629
682
288
286
670
658
656
648
635
624
615
603
593
584
579
5979
3272
3264
3254
3243
3237
3231
2371
1968
1964
1841
8847
8815
1725
1102
1000
813
812
2077
5652
5650
5648
5646
737
691
677
665
653
642
638
9558
9557
9556
2045
3650
8488
7661
7656
7655
7649
5612
5610
5608
5606
5604
5587
5561
7908
7754
9606
9442
9437
9431
9427
9423
9419
9415
9411
9393
9389
9385
9381
9377
9373
9369
9365
9309
9276
9245
9241
9237
9233
9229
9225
9221
9217
9213
9209
9205
9201
9197
9193
9189
9185
9181
9177
9173
9169
9012
9253
9620
9619
9526
9518
9514
9510
9505
9501
9482
9478
9363
9362
9347
9346
9343
9342
9339
9338
9335
9334
9331
9330
9327
9326
9323
9322
9319
9318
9315
9314
9307
9306
9303
9302
9299
9298
9295
9294
9291
9290
9287
9286
9283
9282
9274
9273
9168
9147
9132
9117
9009
8986
8985
8975
8967
8966
8941
8937
8925
8903
8890
8638
8544
8543
8112
8068
8065
7713
7107
6239
6238
6237
6236
5930
5917
5915
5914
5913
5905
5903
5901
5813
5785
5784
5783
5722
5555
5551
5547
5543
5539
5535
5518
5514
3911
3909
3475
3454
3448
3420
3092
3086
2635
2590
2579
2532
2523
2516
2123
2121
1805
1797
1724
1719
1211
1206
866
863
858
758
716
712
661
631
544
536
534
530
524
520
7944
6674
3383
2042
5689
4163
3901
3898
3680
3675
3670
3663
3656
3654
3652
6673
5680
3466
3462
3458
3450
3444
3439
3437
3429
3425
3387
3208
3206
3202
3198
3195
3187
3184
273
259
242
212
199
5016
5014
5012
5010
5006
4998
4996
4994
8282
5574
5202
5200
5198
5194
5188
5184
5140
5138
6767
6760
6755
6750
6746
6742
6737
135
941
789
4225
4223
4221
4219
4217
4215
4213
4165
9767
6672
4355
4153
4152
4151
4150
4149
4148
4147
4108
4106
9555
9506
6671
4357
4309
4304
4299
4292
4281
4280
4273
1195
987
821
779
774
770
533
671
659
657
649
636
625
616
604
594
585
580
5724
1817
788
7993
8046
5668
8002
9541
9540
8969
6669
6556
6554
6409
1002
997
7670
4100
1955
1951
1947
1942
1938
1933
979
700
688
3037
3030
3190
787
230
222
8199
7978
9644
9613
1615
1609
1607
1600
1598
1589
1577
1569
1559
1546
1539
1687
741
8015
5980
4983
4486
4480
4476
4462
4452
4444
4438
4429
4421
4417
4411
3722
3717
3711
3705
3703
3699
2913
2425
2418
1842
7933
7932
7931
7921
7814
7810
7807
7805
7799
7798
7797
7783
7764
7755
7753
7752
6859
6853
6851
6850
6668
6597
6500
6498
6429
1293
814
4318
1183
1140
1134
1125
1116
1109
1105
5017
5015
5013
5011
5007
4999
4997
4995
8491
8490
8489
8477
7681
7680
5613
5611
5609
5607
5605
5562
9614
4226
9621
9608
9607
9569
9568
9444
9443
9439
9438
9433
9432
9429
9428
9425
9424
9421
9420
9417
9416
9413
9412
9395
9394
9391
9390
9387
9386
9383
9382
9379
9378
9375
9374
9371
9370
9367
9366
9364
9348
9344
9340
9336
9332
9328
9324
9320
9316
9311
9310
9308
9304
9300
9296
9292
9288
9284
9278
9277
9275
9261
9247
9246
9243
9242
9239
9238
9235
9234
9231
9230
9227
9226
9223
9222
9219
9218
9215
9214
9211
9210
9207
9206
9203
9202
9199
9198
9195
9194
9191
9190
9187
9186
9183
9182
9179
9178
9175
9174
9171
9170
9014
9013
8987
8968
8483
8482
7938
7937
7936
7934
7864
7863
7862
7861
7854
7853
7852
7839
7809
7793
7791
7789
7691
7690
7689
7688
7123
7064
7063
6992
6985
6971
6960
6958
6957
6953
6855
6848
6734
6732
6670
6667
6665
6559
6504
6502
6473
6250
5723
5671
5556
5552
5548
5544
5540
5536
5519
5515
4193
4094
4088
3647
3640
3638
3476
3421
3179
3175
2833
2829
2683
2244
2172
2165
1838
1836
1832
1812
1654
1639
1621
1613
1605
1597
1584
1574
1564
1552
1541
1414
1174
1159
1155
1121
1061
867
864
859
852
545
537
535
531
525
521
3793
1502
1500
786
5690
1754
1749
4435
5692
3874
3807
3803
3801
3797
3795
3791
3789
3785
3690
3687
3685
3682
3677
3672
3665
3658
1501
1496
784
274
260
243
213
200
2997
5588
5298
5294
5290
5286
5282
5278
5167
5163
4725
7266
7258
7257
7242
7241
7240
7239
7238
7236
7234
5666
1497
1492
783
4353
295
60
4681
7671
4101
5807
1776
1677
7287
7286
7285
7284
7283
7282
7280
7267
6526
6469
1493
1487
990
988
822
782
781
780
775
771
7712
4705
4703
4701
4699
4697
4694
4692
4690
4688
4683
4666
4664
4662
4658
4656
4654
4652
1956
1952
1948
1943
1939
1934
980
701
689
9542
6601
6588
1718
1488
1481
3191
1770
1423
2998
749
7070
394
1616
1610
1608
1601
1599
1590
1578
1570
1560
1547
1540
9564
1688
742
5989
4984
4487
4481
4477
4463
4453
4445
4439
4430
4422
4418
4412
4145
4144
4143
4142
4141
4137
3227
2941
2940
2174
8023
8013
7188
7133
6675
6603
6599
6595
6592
6589
6555
6553
6540
6483
6481
6479
6477
2130
2081
2078
2076
1482
1474
1299
1294
356
1184
1141
1135
1126
1117
1110
1106
7687
7686
7685
7684
7683
7682
7679
7675
7674
7669
5676
5672
5750
9249
8904
8828
6342
6335
3794
9667
9616
9615
9609
9445
9440
9434
9430
9426
9422
9418
9414
9396
9392
9388
9384
9380
9376
9372
9368
9312
9279
9248
9244
9240
9236
9232
9228
9224
9220
9216
9212
9208
9204
9200
9196
9192
9188
9184
9180
9176
9172
9015
8651
8650
8649
8648
8610
8609
8608
8596
8594
8593
8592
8591
8575
8573
8572
8561
8528
8525
8524
8522
8520
8484
8207
8194
8150
8145
8144
8143
8142
8111
8052
8051
8050
8049
8024
8010
7749
7317
7306
7305
7304
7303
7302
7301
7300
7299
7298
7297
7293
7292
7291
7290
7289
7288
7275
7255
7245
7191
6849
6832
6800
6798
6796
6794
6792
6788
6735
6733
6723
6711
6618
6616
6614
6605
6403
6402
6273
6240
6128
6126
6124
6122
6120
6118
6116
6114
6112
5920
5810
5667
5583
5582
5581
5580
5578
5577
5558
5557
4156
4127
4125
4123
4095
4089
3831
3805
3648
3641
3632
3291
3248
3180
3176
2836
2835
2834
2830
2827
2684
2660
2645
2636
2622
2507
2502
2475
2416
2406
2393
2245
2173
2166
2111
1881
1837
1833
1826
1811
1761
1752
1748
1746
1655
1640
1611
1475
1466
1456
1196
1194
1193
1192
1188
1185
1181
1178
1175
1173
1172
1169
1160
1156
1122
1067
1064
1062
1058
1054
1049
1046
1037
1033
1031
1029
1025
1021
1017
1011
1005
853
407
404
400
349
346
340
338
336
332
329
326
323
318
315
310
306
255
160
154
149
145
143
141
136
133
131
6683
6679
5693
3875
3808
3804
3802
3798
3796
3792
3790
3786
3691
3688
3686
3683
3678
3673
3666
3659
5589
5299
5295
5291
5287
5283
5279
5168
5164
4726
4516
1778
1426
3731
3721
3720
3716
3710
3704
3702
3698
3696
3695
3694
1678
296
4682
1625
1620
1612
1604
1596
1583
1573
1563
1551
1418
1413
991
829
765
2419
2412
2407
2402
2399
2397
1509
1023
1019
4706
4704
4702
4700
4698
4695
4693
4691
4689
4684
4667
4665
4663
4659
4657
4655
4653
8009
4738
4140
4136
4135
4134
4133
4131
4129
4126
4124
4120
4117
7110
1771
4082
3708
750
2114
2108
2104
2101
2050
2049
2048
2046
2043
2040
1945
9566
9565
6029
5031
4589
4588
4587
4586
4585
4584
4583
4582
4579
4576
4573
4331
4329
4327
4325
4323
4321
3757
3366
3360
2175
177
152
6421
4739
4732
4731
4730
4729
4728
4727
4724
4721
4720
4719
4718
4717
4716
4715
4713
4712
3066
2976
2411
2252
2118
2034
1300
357
5847
24
1668
1602
1591
1579
1571
1561
1557
8507
8506
8505
8504
8503
8502
8501
8500
8499
8498
5677
5673
7697
7640
7639
7638
7637
7636
7635
7627
7626
4517
9769
9617
9251
9250
8906
8905
8830
8829
8560
8529
8527
8290
8289
8287
8286
8285
8284
8283
8281
8280
8279
8277
8276
8275
8274
8273
8272
8271
8268
8256
8255
8233
8114
8079
8078
8075
8069
8043
8040
8038
8036
8034
8032
8030
8028
8026
8011
7943
7942
7941
7939
7907
7892
7891
7890
7888
7887
7886
7885
7884
7883
7876
7875
7874
7744
7743
7742
7741
7540
7460
7424
7422
7420
7411
7409
7407
7393
7392
7387
7386
7363
7354
7353
7352
7351
7350
7349
7348
7296
7271
7264
7263
7262
7260
7259
7251
7244
7219
7218
7217
7216
7215
7214
7213
7212
7211
7210
7209
7208
7207
7206
7205
7204
7203
7202
7201
7198
7196
7174
7159
7137
7135
7130
7126
7125
7124
7121
7094
7092
7083
7080
7062
7026
7019
7012
7011
7008
7001
6999
6982
6976
6972
6967
6954
6952
6951
6950
6949
6948
6946
6944
6900
6896
6892
6889
6888
6886
6883
6881
6878
6877
6876
6874
6873
6833
6829
6778
6772
6766
6729
6725
6694
6686
6680
6677
6666
6617
6528
6525
6524
6523
6520
6516
6513
6512
6511
6510
6509
6493
6491
6490
6489
6488
6487
6404
6325
6274
6241
6233
6232
6231
6230
6229
6228
6227
6226
6225
6129
6127
6125
6123
6121
6119
6117
6115
6113
5951
5950
5949
5948
5947
5921
5916
5900
5899
5898
5897
5629
5628
5627
5626
5625
5624
5585
5584
3832
3806
3633
3292
3249
3105
2925
2828
2664
2653
2641
2638
2632
2628
2615
2547
2519
2511
2503
2494
2484
2447
2434
2431
2430
2427
2426
2422
2421
2417
2415
2414
2410
2409
2405
2404
2401
2394
2391
2390
2385
2382
2375
2372
2365
2362
2359
2031
2029
2028
2024
2023
2022
2021
2017
2016
2012
2011
2004
2003
2002
2001
2000
1999
1997
1996
1994
1993
1989
1988
1984
1983
1980
1979
1974
1806
1802
1798
1792
1788
1781
1774
1768
1764
1762
1681
1672
1630
1623
1619
1575
1467
1433
1187
1186
1182
1111
1083
1038
1035
1034
1032
1030
1026
1022
1018
1012
1006
985
785
704
576
574
571
570
569
568
566
565
562
408
405
401
350
347
341
339
337
333
330
327
324
319
316
311
307
256
161
155
150
146
144
142
137
134
132
5620
5373
5371
5369
5367
5365
5363
5274
5271
4780
3902
3899
3896
3893
3892
3891
3890
3889
3888
3887
3884
7748
1808
1799
1793
1789
1785
1784
1783
1777
4083
3709
6602
6598
6594
6560
6557
6485
6484
6482
6480
6478
6476
1461
1452
1445
1437
1430
1429
1425
1424
7187
7186
7185
7184
7183
7182
7181
7179
7177
7176
7175
2420
2413
2408
2403
2400
2398
1510
1024
1020
645
198
7337
766
7383
7347
7346
7345
7344
7343
7342
7341
7340
7339
7338
7325
7324
7323
7322
7321
7320
7319
6740
6714
5848
9567
7895
6400
6398
5100
4680
4679
4678
4677
4675
4674
4673
4672
4671
4670
4669
4332
4330
4328
4326
4324
4322
3758
3367
3361
2687
178
153
7919
7918
7917
7916
7915
7914
7913
7912
7911
7796
7795
7794
7792
7790
7788
7787
7786
7785
6903
6902
6899
6872
6871
6870
6869
6867
6865
6863
6862
6860
6854
6852
6816
6813
6812
6809
6808
6806
6805
6804
6803
6802
6801
6660
6657
6656
6653
6652
6650
6649
6647
6646
6644
6643
6641
6640
6639
6638
6637
6636
6635
6634
6633
6632
6629
6628
6626
6625
6623
6622
6620
6537
6535
6533
6531
6529
6527
6522
6519
6515
6494
6492
6419
6418
6416
6410
2977
2253
2035
1669
1603
1592
1580
1572
1562
1558
9657
9252
8907
8831
7940
7935
7930
7929
7928
7927
7926
7925
7924
7923
7922
7910
7905
7904
7903
7902
7901
7900
7899
7898
7896
7851
7850
7849
7848
7847
7846
7845
7844
7843
7842
7841
7840
7746
7739
7738
7737
7736
7735
7734
7733
7732
7728
7727
7726
7725
7724
7723
7722
7721
7720
7719
7716
7715
7714
7710
7709
7707
7706
7705
7704
7703
7702
7701
7700
7699
7698
7696
7695
7694
7692
7677
7676
7423
7421
7419
7418
7374
7373
7372
7371
7370
7369
7368
7367
7366
7365
7364
7362
7361
7360
7359
7358
7357
7356
7315
7314
7313
7312
7311
7310
7309
7295
7294
7269
7180
7178
7102
7069
7068
7025
7024
7023
7022
7021
7020
7018
7015
7014
6998
6997
6996
6995
6994
6993
6991
6989
6986
6984
6981
6979
6978
6974
6969
6966
6964
6961
6959
6937
6936
6935
6934
6933
6932
6931
6930
6928
6927
6926
6925
6924
6923
6922
6842
6841
6840
6839
6838
6837
6836
6835
6834
6831
6830
6828
6827
6826
6825
6824
6823
6822
6821
6820
6819
6818
6817
6815
6814
6811
6810
6807
6773
6721
6719
6717
6715
6707
6703
6701
6698
6695
6658
6654
6619
6518
6517
6514
6499
6495
6459
6456
6455
6454
6453
6452
6451
6450
6449
6448
6447
6446
6445
6444
6442
6441
6440
6439
6412
6346
6303
6301
6299
6297
6234
6134
6132
6130
6110
6104
6102
6100
6098
6060
6058
6056
6026
5992
5828
5824
5820
5816
5101
5074
5022
5020
5008
5004
5002
4971
4839
4778
4776
4774
4772
4770
4766
4762
4686
4622
4508
4506
4403
4401
4399
4389
4385
4335
4316
4314
4312
4310
4307
4305
4302
4300
4297
4295
4290
4288
4286
4284
4278
4276
4274
4271
4269
4267
4258
4254
4210
4172
4168
4166
4160
4121
4090
4084
3924
3920
3829
3827
3809
3642
3634
3455
3441
3434
3430
3388
3384
3380
3378
3376
3372
3354
3298
3219
3217
3213
3211
3209
3192
3177
3173
3107
3106
2993
2964
2934
2932
2907
2899
2895
2889
2887
2881
2875
2869
2858
2856
2843
2831
2685
2677
2671
2580
2548
2545
2520
2512
2504
2500
2495
2486
2485
2482
2478
2457
2448
2388
2337
2074
2072
2070
2068
2064
2060
2058
2056
2054
2052
1991
1986
1981
1977
1972
1970
1816
1814
1809
1803
1800
1794
1790
1786
1782
1779
1775
1772
1769
1766
1765
1763
1760
1759
1756
1682
1673
1666
1662
1657
1656
1631
1624
1576
1434
1036
986
850
847
845
843
841
839
835
832
830
825
823
819
815
777
730
728
726
722
717
713
709
705
702
694
550
546
538
5621
5374
5372
5370
5368
5366
5364
5275
5272
4781
4208
4206
4204
4200
4198
4196
4194
4191
4189
4187
4185
6722
6720
6718
6716
6713
6712
6710
6706
3022
3018
3014
3008
3006
3002
1901
1714
1685
7122
7120
7119
7118
7117
7116
7115
7114
7113
7112
7111
6764
6758
6753
6748
6744
6743
6739
6738
5935
7587
7336
7335
7334
7333
7332
7331
7330
7329
7328
7327
7326
6156
5845
4498
4496
4488
4482
4464
4454
4118
3759
3748
2688
1594
1581
683
611
384
31
30
29
28
27
26
25
2167
2026
1896
1889
1882
1874
1869
7693
7634
7633
7632
7631
7630
7629
7625
7624
7380
4209
4207
4205
4201
4199
4197
4195
4192
4190
4188
4186
9674
9664
9632
9630
9624
9623
8653
8652
8647
8646
8645
8644
8643
8642
8641
8640
8639
8637
8636
8635
8634
8633
8632
8631
8630
8629
8628
8607
8606
8605
8604
8603
8602
8601
8600
8599
8598
8597
8595
8559
8557
8556
8555
8554
8553
8552
8551
8550
8549
8548
8547
8546
8545
8542
8541
8540
8539
8538
8537
8536
8535
8534
8533
8532
8531
8530
8526
8523
8521
8519
8518
8517
8516
8515
8514
8512
8511
8509
8508
8327
8326
8325
8324
8323
8322
8321
8320
8319
8318
8317
8316
8315
8314
8313
8312
8311
8310
8297
8296
8295
8294
8293
8292
8291
8288
8278
8269
8218
8217
8198
8195
8186
8166
8165
8163
8162
8161
8160
8159
8158
8157
8156
8155
8154
8153
8152
8151
8149
8148
8147
8146
8141
8140
8139
8138
8137
8136
8135
8134
8133
8132
8131
8130
8129
8128
8127
8126
8125
8124
8123
8122
8120
8119
8118
8117
8115
8113
8110
8109
8108
8107
8106
8105
8104
8103
8102
8101
8100
8099
8098
8097
8096
8095
8094
8093
8092
8091
8090
8088
8087
8086
8085
8084
8083
8082
8080
8074
8073
8072
8071
8070
8067
8066
8064
8063
8048
8047
8042
8019
8018
8017
8014
8012
8004
8003
8001
8000
7999
7998
7997
7996
7995
7994
6708
6704
6702
6699
6696
6693
6691
6687
6659
6655
6651
6648
6645
6642
6465
6408
6393
6304
6302
6300
6298
6235
6135
6133
6131
6111
6105
6103
6101
6099
6061
6059
6057
6027
5993
5829
5825
5821
5817
5102
5075
5023
5021
5009
5005
5003
4993
4992
4991
4990
4972
4840
4779
4777
4775
4773
4771
4767
4763
4687
4623
4509
4507
4404
4402
4400
4390
4386
4336
4317
4315
4313
4311
4308
4306
4303
4301
4298
4296
4291
4289
4287
4285
4279
4277
4275
4272
4270
4268
4259
4255
4211
4176
4173
4169
4167
4161
4122
4091
4085
3925
3921
3830
3828
3810
3643
3635
3456
3442
3435
3431
3389
3385
3381
3379
3377
3373
3355
3299
3220
3218
3214
3212
3210
3193
3178
3174
3108
2994
2965
2935
2933
2908
2900
2896
2890
2888
2882
2876
2870
2859
2857
2844
2832
2686
2678
2672
2581
2546
2501
2487
2483
2479
2458
2389
2338
2075
2073
2071
2069
2065
2061
2059
2057
2055
2053
2005
1992
1987
1982
1978
1973
1971
1969
1905
1815
1810
1801
1795
1791
1787
1780
1773
1767
1412
1303
851
848
846
844
842
840
836
833
831
826
824
820
816
778
731
729
727
723
718
714
710
703
695
551
547
539
428
3023
3019
3015
3009
3007
3003
1902
1715
1686
2541
2537
2535
2533
2530
2528
2526
2521
2673
2669
2666
2662
2657
2655
2651
2649
5936
8513
8474
8473
8472
8471
8470
8469
8467
8466
8328
8229
8228
8227
8226
8225
8224
8223
8222
8221
8220
8216
8433
8308
8307
8306
8305
8304
8303
8302
8301
8300
8299
8298
6157
5846
4499
4497
4489
4483
4465
4455
4119
3760
3749
3109
1595
1582
1258
913
573
494
493
492
491
490
489
488
487
6313
6311
6309
6307
6305
6293
6271
6269
6267
6265
6263
6261
6259
6257
6255
6251
6244
6242
6202
6200
6198
6196
6194
6192
6190
6188
6186
6162
6160
6158
6154
6152
6148
6146
6144
6108
6096
6094
6092
6066
6064
6062
6034
6032
6030
6024
6022
6020
6018
6016
6014
6012
5937
5933
5928
5926
5924
5922
5918
5855
5853
5851
5830
5826
5822
5818
5814
5811
5808
5804
5802
5800
5798
5796
5794
5792
5790
5788
5786
5745
5743
5739
5737
5733
5731
5729
5727
5725
5718
5716
5714
5712
5710
5708
5706
5696
5694
5121
5098
5054
5051
5048
5045
5043
5034
5032
5029
5027
5025
4931
4929
4927
4924
4921
4919
4917
4913
4910
4904
4902
4900
4889
4887
4885
4883
4881
4879
4877
4815
4811
4807
4805
4803
4801
4799
4768
4764
4760
4758
4756
4752
4750
4740
4734
4722
4660
4650
4605
4590
4580
4577
4574
4571
4569
4514
4512
4510
4504
4502
4500
4494
4492
4490
4472
4470
4468
4466
4458
4456
4448
4446
4440
4433
4431
4425
4423
4413
4407
4405
4358
4345
4343
4341
4339
4333
4319
4293
4282
4202
4179
4177
4170
4154
4138
4113
4110
4092
4086
3932
3930
3928
3926
3922
3918
3916
3914
3912
3906
3885
3882
3880
3878
3876
3872
3870
3868
3866
3864
3862
3860
3858
3856
3854
3852
3850
3848
3846
3844
3842
3840
3838
3836
3834
3815
3787
3783
3781
3779
3777
3774
3772
3770
3768
3765
3763
3761
3754
3752
3750
3746
3744
3742
3740
3738
3736
3734
3732
3729
3727
3725
3723
3718
3714
3712
3706
3700
3692
3667
3660
3644
3636
3426
3422
3416
3400
3374
3370
3368
3364
3362
3358
3356
3352
3350
3347
3345
3343
3340
3338
3336
3334
3331
3329
3327
3324
3322
3319
3317
3314
3312
3309
3307
3304
3302
3300
3282
3275
3267
3259
3257
3246
3238
3232
3223
3221
3215
3203
3199
3181
3101
3089
3087
3082
3077
3073
3070
3067
3060
3057
3054
3052
3049
3040
3035
3031
3004
3000
2984
2978
2948
2938
2936
2864
2854
2852
2846
2681
2679
2675
2574
2570
2568
2566
2564
2562
2560
2558
2556
2554
2551
2549
2543
2539
2524
2517
2514
2509
2505
2498
2496
2492
2480
2471
2467
2465
2459
2453
2451
2449
2445
2443
2441
2439
2435
2432
2428
2423
2395
2357
2353
2347
2341
2339
2331
2329
2327
2321
2319
2317
2315
2309
2307
2305
2301
2299
2297
2293
2291
2289
2287
2285
2283
2281
2279
2275
2273
2271
2269
2267
2265
2263
2261
2258
2256
2254
2250
2248
2242
2240
2150
2143
2139
2135
2133
2131
2128
2126
2124
2066
2062
2019
1975
1928
1924
1922
1920
1918
1916
1914
1912
1910
1757
1750
1744
1742
1736
1730
1722
1720
1658
1642
1507
1315
1306
1301
1295
1289
1285
1281
1276
1272
1266
1263
1261
1256
1252
1247
1242
1237
1230
1225
1170
1119
1075
1070
1068
1065
1059
1055
1052
1050
1047
1043
977
974
972
889
881
876
817
724
321
299
292
169
2542
2538
2536
2534
2531
2529
2527
2522
2674
2670
2667
2663
2658
2656
2652
2650
6182
5931
5631
5125
4837
4835
4833
4831
4829
4827
4825
4823
4821
4819
4817
4603
4601
4599
4597
4595
4593
4337
4183
4181
3493
2014
2008
1462
1419
1259
1254
1250
1245
1240
1235
1228
1223
1218
1081
379
373
368
125
121
114
107
101
95
90
83
77
40
7045
7044
7043
7042
7041
7040
7039
7038
7037
7036
7035
7034
7033
7032
7031
7030
7029
7028
7027
6921
6920
6919
6918
6613
6612
6611
6610
6609
6608
6607
6606
6314
6312
6310
6308
6306
6294
6272
6270
6268
6266
6264
6262
6260
6258
6256
6252
6245
6243
6203
6201
6199
6197
6195
6193
6191
6189
6187
6163
6161
6159
6155
6153
6149
6147
6145
6109
6097
6095
6093
6067
6065
6063
6035
6033
6031
6025
6023
6021
6019
6017
6015
6013
5987
5986
5985
5984
5983
5982
5976
5975
5974
5973
5972
5971
5970
5969
5968
5944
5943
5942
5941
5940
5939
5938
5934
5929
5927
5925
5923
5919
5912
5911
5910
5909
5908
5907
5906
5904
5902
5856
5854
5852
5831
5827
5823
5819
5815
5812
5809
5805
5803
5801
5799
5797
5795
5793
5791
5789
5787
5746
5744
5740
5738
5734
5732
5730
5728
5726
5719
5717
5715
5713
5711
5709
5707
5697
5695
5122
5099
5055
5052
5049
5046
5044
5035
5033
5030
5028
5026
4932
4930
4928
4925
4922
4920
4918
4914
4911
4905
4903
4901
4890
4888
4886
4884
4882
4880
4878
4816
4812
4808
4806
4804
4802
4800
4769
4765
4761
4759
4757
4753
4751
4741
4735
4723
4661
4651
4606
4591
4581
4578
4575
4572
4570
4515
4513
4511
4505
4503
4501
4495
4493
4491
4473
4471
4469
4467
4459
4457
4449
4447
4441
4434
4432
4426
4424
4414
4408
4406
4359
4356
4354
4352
4351
4350
4349
4348
4347
4346
4344
4342
4340
4334
4320
4294
4283
4203
4180
4178
4171
4155
4139
4114
4111
4109
4107
4105
4104
4103
4102
4097
4096
4093
4087
3933
3931
3929
3927
3923
3919
3917
3915
3913
3907
3886
3883
3881
3879
3877
3873
3871
3869
3867
3865
3863
3861
3859
3857
3855
3853
3851
3849
3847
3845
3843
3841
3839
3837
3835
3816
3788
3784
3782
3780
3778
3775
3773
3771
3769
3766
3764
3762
3755
3753
3751
3747
3745
3743
3741
3739
3737
3735
3733
3730
3728
3726
3724
3719
3715
3713
3707
3701
3693
3668
3661
3645
3637
3427
3423
3417
3401
3375
3371
3369
3365
3363
3359
3357
3353
3351
3348
3346
3344
3341
3339
3337
3335
3332
3330
3328
3325
3323
3320
3318
3315
3313
3310
3308
3305
3303
3301
3283
3276
3268
3260
3258
3247
3239
3233
3224
3222
3216
3204
3200
3182
3102
3090
3088
3083
3078
3074
3072
3071
3069
3068
3062
3061
3059
3058
3056
3055
3053
3051
3050
3048
3047
3041
3036
3032
3005
3001
2988
2985
2982
2979
2975
2972
2969
2963
2949
2939
2937
2865
2855
2853
2847
2682
2680
2676
2575
2571
2569
2567
2565
2563
2561
2559
2557
2555
2552
2550
2544
2540
2525
2518
2515
2510
2506
2499
2497
2493
2481
2472
2468
2466
2460
2454
2452
2450
2446
2444
2442
2440
2436
2433
2429
2424
2396
2358
2354
2348
2342
2340
2332
2330
2328
2322
2320
2318
2316
2310
2308
2306
2302
2300
2298
2294
2292
2290
2288
2286
2284
2282
2280
2276
2274
2272
2270
2268
2266
2264
2262
2259
2257
2255
2251
2249
2243
2241
2151
2144
2140
2136
2134
2132
2129
2127
2125
2067
2063
2020
1976
1929
1925
1923
1921
1919
1917
1915
1913
1911
1758
1751
1745
1743
1737
1731
1723
1721
1659
1643
1508
1316
1307
1302
1296
1290
1286
1282
1277
1273
1267
1264
1262
1257
1253
1248
1243
1238
1231
1226
1171
1120
1076
1071
1069
1066
1060
1056
1053
1051
1048
1044
978
975
973
890
882
877
818
725
322
300
293
170
6183
5932
5632
5126
4838
4836
4834
4832
4830
4828
4826
4824
4822
4820
4818
4604
4602
4600
4598
4596
4594
4338
4184
4182
3494
2015
2009
1463
1420
1260
1255
1251
1246
1241
1236
1229
1224
1219
1082
380
374
369
126
122
115
108
102
96
91
84
78
41
7829
7828
7827
7826
7825
7824
7823
7822
7821
7820
7819
7818
7817
7816
7815
7782
7781
7780
7779
7778
7777
7776
7775
7774
7773
7772
7771
7770
7769
7768
7227
7226
7225
7224
7223
7222
7221
7220
7158
7157
7156
7155
7154
7153
7152
7151
6917
6916
6915
6914
6913
6912
6911
6910
6909
6908
6907
6906
6905
6904
7893
7882
7881
7880
7879
7878
7877
7873
7872
7871
7870
7869
7868
7867
7866
7865
7860
7859
7858
7857
7856
7855
7838
7837
7836
7835
7834
7833
7832
7831
7830
7281
7279
7278
7276
7274
7273
7272
7270
7237
7235
7233
7232
7231
7230
7229
7228
7088
7087
7086
7085
7084
7082
7079
7078
7073
7072
7071
7067
7066
7065
6323
6321
6319
6317
6315
6295
6291
6289
6287
6285
6283
6281
6279
6277
6275
6253
6248
6246
6220
6218
6216
6214
6212
6210
6208
6206
6204
6178
6176
6174
6172
6170
6168
6166
6164
6142
6140
6138
6136
6090
6088
6086
6084
6082
6080
6078
6076
6074
6072
6070
6068
5966
5964
5962
5960
5958
5956
5954
5895
5893
5891
5889
5887
5885
5883
5881
5879
5877
5875
5873
5871
5869
5867
5865
5863
5861
5859
5857
5781
5779
5777
5775
5773
5771
5769
5767
5765
5763
5761
5759
5757
5755
5753
5751
5704
5702
5123
5119
5096
5094
5092
5090
5088
5086
5084
5082
5080
5078
4969
4967
4965
4963
4961
4959
4957
4955
4953
4951
4949
4947
4945
4943
4941
4939
4937
4935
4933
4875
4873
4871
4869
4867
4865
4863
4797
4795
4793
4791
4789
4787
4785
4747
4745
4743
4710
4708
4648
4646
4644
4642
4640
4638
4636
4566
4564
4562
4560
4558
4556
4554
4552
4550
4548
4546
4544
4542
4540
4538
4536
4534
4532
4530
4528
4526
4524
4522
4520
4518
4379
4377
4375
4373
4371
4369
4367
4365
4363
4249
4247
4245
4243
4241
4239
4237
4235
4233
4231
4080
4078
4076
4074
4072
4070
4068
4066
4064
4062
4060
4058
4056
4054
4052
4050
4048
4046
4044
4042
4040
4038
4036
4034
4032
4030
4028
4026
4024
4022
4020
4018
4016
4014
4012
4010
4008
4006
4004
4002
4000
3998
3996
3994
3992
3990
3988
3986
3984
3982
3980
3978
3976
3974
3972
3970
3968
3966
3964
3962
3960
3958
3956
3954
3952
3950
3948
3946
3944
3942
3940
3938
3936
3629
3627
3625
3623
3621
3619
3617
3615
3613
3611
3609
3607
3605
3603
3601
3599
3597
3595
3593
3591
3589
3587
3585
3583
3581
3579
3577
3575
3573
3571
3569
3567
3565
3563
3561
3559
3557
3555
3553
3551
3549
3547
3545
3543
3541
3539
3537
3535
3533
3531
3529
3527
3525
3523
3521
3519
3517
3515
3513
3511
3509
3507
3505
3503
3501
3499
3495
3170
3168
3166
3164
3162
3160
3158
3156
3154
3152
3150
3148
3146
3144
3142
3140
3138
3136
3134
3132
3130
3128
3126
3124
3122
3120
3118
3116
3114
3112
3110
2825
2823
2821
2819
2817
2815
2813
2811
2809
2807
2805
2803
2801
2799
2797
2795
2793
2791
2789
2787
2785
2783
2781
2779
2777
2775
2773
2771
2769
2767
2765
2763
2761
2759
2757
2755
2753
2751
2749
2747
2745
2743
2741
2739
2737
2735
2733
2731
2729
2727
2725
2723
2721
2719
2717
2715
2713
2711
2709
2707
2705
2703
2701
2699
2697
2695
2693
2691
2689
2238
2236
2234
2232
2230
2228
2226
2224
2222
2220
2218
2216
2214
2212
2206
2204
2202
2200
2198
2196
2194
2192
2190
2188
2186
2184
2182
2180
2178
2176
1867
1865
1863
1861
1859
1857
1855
1853
1851
1849
1839
1410
1408
1406
1404
1402
1400
1398
1396
1394
1392
1390
1388
1386
1384
1382
1380
1378
1376
1374
1372
1370
1368
1366
1364
1362
1360
1358
1356
1354
1352
1350
1348
1346
1344
1342
1340
1318
872
868
518
485
483
473
69
6184
5977
5952
5720
5661
5553
5549
5545
5541
5537
5533
5516
5512
5127
4981
4861
4859
4857
4855
4853
4851
4849
4847
4845
4843
4841
4634
4632
4630
4628
4626
4624
4484
4478
4474
4460
4450
4442
4436
4427
4419
4415
4409
4361
4229
4227
3934
3269
3261
3251
3240
3234
3228
2368
2210
2208
1965
1961
1845
1843
1338
1336
1334
1332
1330
1328
1326
1324
1322
1320
768
746
738
495
471
469
467
465
463
461
459
457
455
453
451
449
342
8627
8625
8624
8623
8622
8621
8620
8619
8618
8617
8616
8615
8614
8613
8612
8611
8590
8589
8588
8587
8586
8585
8584
8583
8582
8581
8580
8579
8578
8577
8576
8265
8264
8263
8262
8261
8260
8259
8258
8253
8252
8251
8250
8249
8248
8247
8246
8181
8180
8179
8178
8177
8176
8175
8174
8173
8172
8171
8170
8169
8168
6324
6322
6320
6318
6316
6296
6292
6290
6288
6286
6284
6282
6280
6278
6276
6254
6249
6247
6221
6219
6217
6215
6213
6211
6209
6207
6205
6179
6177
6175
6173
6171
6169
6167
6165
6143
6141
6139
6137
6091
6089
6087
6085
6083
6081
6079
6077
6075
6073
6071
6069
5967
5965
5963
5961
5959
5957
5955
5896
5894
5892
5890
5888
5886
5884
5882
5880
5878
5876
5874
5872
5870
5868
5866
5864
5862
5860
5858
5782
5780
5778
5776
5774
5772
5770
5768
5766
5764
5762
5760
5758
5756
5754
5752
5705
5703
5124
5120
5097
5095
5093
5091
5089
5087
5085
5083
5081
5079
4970
4968
4966
4964
4962
4960
4958
4956
4954
4952
4950
4948
4946
4944
4942
4940
4938
4936
4934
4876
4874
4872
4870
4868
4866
4864
4798
4796
4794
4792
4790
4788
4786
4748
4746
4744
4711
4709
4649
4647
4645
4643
4641
4639
4637
4567
4565
4563
4561
4559
4557
4555
4553
4551
4549
4547
4545
4543
4541
4539
4537
4535
4533
4531
4529
4527
4525
4523
4521
4519
4380
4378
4376
4374
4372
4370
4368
4366
4364
4250
4248
4246
4244
4242
4240
4238
4236
4234
4232
4081
4079
4077
4075
4073
4071
4069
4067
4065
4063
4061
4059
4057
4055
4053
4051
4049
4047
4045
4043
4041
4039
4037
4035
4033
4031
4029
4027
4025
4023
4021
4019
4017
4015
4013
4011
4009
4007
4005
4003
4001
3999
3997
3995
3993
3991
3989
3987
3985
3983
3981
3979
3977
3975
3973
3971
3969
3967
3965
3963
3961
3959
3957
3955
3953
3951
3949
3947
3945
3943
3941
3939
3937
3630
3628
3626
3624
3622
3620
3618
3616
3614
3612
3610
3608
3606
3604
3602
3600
3598
3596
3594
3592
3590
3588
3586
3584
3582
3580
3578
3576
3574
3572
3570
3568
3566
3564
3562
3560
3558
3556
3554
3552
3550
3548
3546
3544
3542
3540
3538
3536
3534
3532
3530
3528
3526
3524
3522
3520
3518
3516
3514
3512
3510
3508
3506
3504
3502
3500
3496
3171
3169
3167
3165
3163
3161
3159
3157
3155
3153
3151
3149
3147
3145
3143
3141
3139
3137
3135
3133
3131
3129
3127
3125
3123
3121
3119
3117
3115
3113
3111
2826
2824
2822
2820
2818
2816
2814
2812
2810
2808
2806
2804
2802
2800
2798
2796
2794
2792
2790
2788
2786
2784
2782
2780
2778
2776
2774
2772
2770
2768
2766
2764
2762
2760
2758
2756
2754
2752
2750
2748
2746
2744
2742
2740
2738
2736
2734
2732
2730
2728
2726
2724
2722
2720
2718
2716
2714
2712
2710
2708
2706
2704
2702
2700
2698
2696
2694
2692
2690
2239
2237
2235
2233
2231
2229
2227
2225
2223
2221
2219
2217
2215
2213
2207
2205
2203
2201
2199
2197
2195
2193
2191
2189
2187
2185
2183
2181
2179
2177
1868
1866
1864
1862
1860
1858
1856
1854
1852
1850
1840
1411
1409
1407
1405
1403
1401
1399
1397
1395
1393
1391
1389
1387
1385
1383
1381
1379
1377
1375
1373
1371
1369
1367
1365
1363
1361
1359
1357
1355
1353
1351
1349
1347
1345
1343
1341
1319
873
869
519
486
484
474
70
6185
5978
5953
5721
5662
5554
5550
5546
5542
5538
5534
5517
5513
5128
4982
4862
4860
4858
4856
4854
4852
4850
4848
4846
4844
4842
4635
4633
4631
4629
4627
4625
4485
4479
4475
4461
4451
4443
4437
4428
4420
4416
4410
4362
4230
4228
3935
3270
3262
3252
3241
3235
3229
2369
2211
2209
1966
1962
1846
1844
1339
1337
1335
1333
1331
1329
1327
1325
1323
1321
769
747
739
496
472
470
468
466
464
462
460
458
456
454
452
450
343
