9398
9397
9403
9393
7355
9395
9352
4707
9350
9411
6857
6727
6697
9415
9358
4668
9356
9353
9349
9351
9423
6700
6590
6551
9354
4733
4685
9412
9405
9427
9359
9355
9357
9416
9404
9424
9409
9360
4742
4696
9633
9631
9428
9408
7268
4592
9640
9629
7919
7918
7917
7916
7915
7914
7913
7912
7277
4621
7911
9664
2826
2825
2446
2445
7908
6233
6232
6231
6230
6229
6228
6227
6226
6225
7921
7933
7932
7931
7487
7504
7498
7493
7467
7465
7463
7461
7492
7486
7479
7473
7512
7471
7469
7490
7482
7475
9249
7920
6247
6246
6245
6244
6239
6238
6237
6236
7564
7581
7569
7567
7571
7573
7580
7579
7577
7578
7575
7562
7557
7558
7560
7127
7566
7582
7109
7576
9250
9156
9152
7070
9165
7458
7457
7456
7455
7454
7453
7452
7451
7605
7604
7606
7607
7608
7598
7610
7609
7599
7611
7585
7586
7448
7447
7446
7445
7588
7589
7614
7615
7602
7613
7603
7600
7583
7584
7601
7612
7450
7060
7100
7449
7513
7510
7509
7506
7505
7499
7440
7437
7434
7515
7514
7511
7508
7507
7503
7501
7500
7497
7495
7494
7491
7489
7488
7485
7484
7481
7480
7478
7477
7474
7472
7470
7468
7466
7464
7462
7444
7443
7442
7441
7439
7438
7436
7435
7061
9628
9157
9153
9139
9135
7017
7013
7103
6345
6331
854
797
9166
6404
1816
9144
6963
7906
6224
6223
7483
9309
7502
7496
7476
9435
6885
9128
6943
8414
7597
7596
7595
7574
7007
8395
7459
7433
7432
7431
7430
7429
7428
7427
7426
7425
7423
7421
7419
7418
7417
7416
7415
7414
7413
7412
7410
7408
7406
7405
7404
7403
5114
5113
5112
5111
5091
5090
5089
5088
5087
5086
5085
5084
5077
5076
5073
5072
5071
5070
5069
5068
5067
5066
5065
5064
5063
5062
5061
5060
5059
5058
5057
5056
5053
5050
5047
5046
5045
5044
5043
5042
5041
5040
5039
5038
5037
5036
5035
5034
5033
5032
5024
5019
5018
4993
4992
4991
4990
4989
4988
4987
4977
8370
8368
8366
8364
8384
8381
6947
9140
9136
9122
9118
6895
6891
9145
6350
1249
9129
6858
7016
9262
7227
7226
7225
7224
7223
7222
7221
7188
9276
7220
7830
8378
8376
9407
6661
7831
9112
9442
6942
7803
7572
7570
7568
7565
7563
7561
7559
7556
7554
7553
7804
8375
8373
8372
8390
8394
8388
8386
8383
8380
8392
9697
9695
9693
9690
9688
9687
9686
9685
9684
9683
8356
8354
8353
8352
8351
8350
8349
8348
8345
8343
8342
8341
8339
8336
8334
8332
8331
7402
7401
7400
7399
7398
7397
7396
7395
7394
7393
7392
7391
7390
7389
7388
7387
7386
7385
7384
7382
7381
7379
7378
7377
7376
7375
7963
7006
6877
3540
3539
3222
3221
2857
2856
9310
9280
7801
7832
7142
7141
7140
7139
7138
7136
7134
7129
9119
9123
9053
6787
9061
6791
9130
9254
7158
7157
7156
7155
7154
7153
7133
7152
9114
6705
6845
7811
7808
7806
7128
7833
6894
9164
4356
4354
4352
4351
4350
4349
4348
4347
4193
4083
4082
3903
7151
7812
7784
7834
7813
7835
7802
7594
7593
7592
7591
7590
7555
8374
8402
8413
8411
8412
8401
9706
9705
9704
9703
9702
9689
8363
8362
8361
8360
8359
8358
8357
8355
8346
8344
8340
8338
8337
8335
8333
8330
8329
7796
7795
7794
7792
7790
7788
7787
7786
7785
7836
7837
7838
7882
7881
7880
7879
7878
7877
7860
7859
7858
7857
7856
7855
7873
7872
6832
7871
7010
7870
7869
7868
9437
7867
7866
7865
7623
7622
7621
7620
7619
7618
7617
7616
7552
7551
7550
7549
8371
8369
8367
8365
8438
8435
8434
8441
8440
8439
8437
8436
9713
9712
9711
9710
9709
9708
9707
9701
9700
9696
9692
9691
8399
8398
8397
8396
8347
9127
2999
9277
9270
6941
8167
7005
7317
7305
7304
7059
7057
7055
7053
7051
7049
7047
7090
7303
9054
7302
9062
8993
6583
7783
8997
6586
9094
7301
9041
7854
7793
7853
7791
9115
7852
7789
7864
7809
8211
9443
9006
6521
9133
4159
4158
3905
3904
3689
3684
3681
3676
3671
3664
3657
3472
3471
3470
3469
3468
3467
3464
3463
3460
3459
3452
3451
3446
3445
3395
3394
3391
3390
9441
7810
7089
7300
6662
9106
9102
9090
9086
9078
9143
4109
4107
4105
4104
4103
4102
4097
4096
3709
3708
3638
3189
7807
6790
7298
6675
9558
9496
9556
7805
6875
9049
6844
9033
9057
7297
9037
7548
7547
7546
7545
7544
7543
7542
7541
8379
8377
8385
8382
8391
8393
8389
8387
9699
9698
9694
9682
9681
9680
9679
9678
8400
7754
5951
5950
5949
5948
5947
5900
5899
5898
5897
9766
9025
7897
6688
6843
6847
9111
2584
8081
7306
7293
9098
9082
9073
7292
8487
7291
6940
7290
7256
8994
7004
8196
4357
4355
4309
4304
4299
4292
4281
4280
4273
4225
4224
4223
4222
4221
4220
4219
4218
4217
4216
4215
4214
4213
4212
4165
4164
4163
4162
7289
9095
9042
7745
5955
5954
5934
5933
5930
5915
5914
5913
5833
5832
9772
8980
6392
2010
1712
9677
8942
8930
6420
6415
2115
1827
1825
8946
6461
8961
6408
1854
1853
1745
1744
8954
6465
1858
1857
1723
1722
6393
1856
1855
1758
1757
9651
6330
6343
9438
8206
8998
9638
6329
6403
6344
9436
9126
3895
3894
3349
3342
3333
3326
3321
3316
3311
3196
3188
3080
3079
3076
3075
2892
2891
2884
2883
2878
2877
2872
2871
2867
2866
2861
2860
2849
2848
7288
8950
6464
9559
9007
6402
8972
6417
7260
4639
4638
4572
4571
4390
4389
7198
4541
4540
4408
4407
4259
4258
7137
4368
4367
4294
4293
4091
4090
7965
7299
7094
4244
4243
4114
4113
3643
3642
8529
6496
7960
9107
9103
9091
9087
9079
7001
4019
4018
3668
3667
3178
3177
6853
9050
9654
9653
9650
9649
9647
6585
9034
9058
9557
9641
9038
7275
7704
7703
7705
7706
9636
9642
9637
9026
6851
9634
8510
5987
5986
5985
5984
5983
5982
5976
5975
5974
5973
5972
5971
5970
5969
5968
5946
5945
5944
5943
5942
5941
5940
5939
5912
5911
5910
5909
5908
5907
5906
5904
5902
5850
5849
5844
5843
5842
5841
5840
5839
5838
5837
5836
5835
5834
5806
5748
5747
5742
5741
5736
5735
5701
5700
5699
5698
9069
7974
1177
1176
9045
9134
3191
3190
6615
7973
1269
9029
7692
6726
6874
3504
3503
3204
3203
2832
2831
7750
7747
5917
5905
5903
5901
5813
5785
5784
5783
6348
8164
4153
4152
4151
4150
4149
4148
4147
4108
4106
3901
3900
3898
3897
3680
3679
3675
3674
3670
3669
3663
3662
3656
3655
3654
3653
3652
3651
8981
8943
8931
8947
7967
8962
8955
7625
6486
6413
7634
7624
7633
7629
7630
7631
7632
6850
9148
8908
6369
8856
8840
6386
6384
8860
6388
6939
9474
8883
6347
8869
6391
6346
7003
9021
9769
7693
6619
9672
9661
9668
7726
8970
8958
9261
7670
7126
4378
4377
4346
4345
4173
4172
7125
4376
4375
4344
4343
4169
4168
6459
6455
6453
6451
9361
6449
6447
9345
6445
6729
6686
6680
6677
3151
3150
3149
3148
3147
3146
3145
3144
3102
3101
3041
3040
3036
3035
3032
3031
2581
2580
2487
2486
2483
2482
2479
2478
8973
6407
7124
4374
4373
4342
4341
4167
4166
7259
4637
4636
4570
4569
4386
4385
7196
4539
4538
4406
4405
4255
4254
7888
7876
6171
6170
6149
6148
6143
6142
6135
6134
6097
6096
6061
6060
7135
4366
4365
4283
4282
4085
4084
7092
4242
4241
4111
4110
3635
3634
6463
8900
6366
7123
6999
4017
4016
3661
3660
3174
3173
7063
6953
6848
6444
6670
6873
3502
3501
3200
3199
3108
3107
7701
9569
5921
5920
7887
7875
6169
6168
6147
6146
6141
6140
6133
6132
6095
6094
6059
6058
6917
6909
6908
6907
6906
6905
6904
6916
6915
6914
6913
6504
9046
7318
8309
8880
1095
7307
4737
4736
8897
1213
6912
9070
9639
6772
3115
3114
2853
2852
2678
2677
7977
1127
9099
9083
9074
9030
9652
9648
9646
9645
8484
9341
9305
9635
6505
7130
4372
4371
4359
4358
4211
4210
7724
7885
6173
6172
6163
6162
6111
6110
7892
6179
6178
6159
6158
6103
6102
7891
6177
6176
6155
6154
6101
6100
7890
6175
6174
6153
6152
6099
6098
7939
6318
6317
6312
6311
6304
6303
7943
6324
6323
6310
6309
6302
6301
7942
6322
6321
6308
6307
6300
6299
7941
6320
6319
6306
6305
6298
6297
7886
7874
6167
6166
6145
6144
6139
6138
6131
6130
6093
6092
6057
6056
9022
9568
6911
7677
7700
7676
7699
7698
7696
7695
7694
7840
7707
8513
5916
5810
5723
5722
5721
5720
9656
8472
8471
5627
5626
5581
5580
5548
5547
5546
5545
5544
5543
5542
5541
8470
8469
5625
5624
5578
5577
5540
5539
5538
5537
5536
5535
5534
5533
8473
5628
5582
5552
5551
5550
5549
8466
5584
5557
5515
5514
5513
5512
8474
5629
5583
5556
5555
5554
5553
8467
5585
5558
5519
5518
5517
5516
9479
6502
9475
9523
9539
9515
7702
7722
9511
8270
5017
5016
5015
5014
5013
5012
5011
5010
5007
5006
5001
5000
4999
4998
4997
4996
4995
4994
4986
4985
4980
4979
4978
4976
4975
4974
4973
4926
4923
4916
4915
4912
4909
4908
4907
4906
4899
4898
4897
4896
4895
4894
4893
4892
4891
4810
4809
4755
4754
4714
7264
7263
7262
7244
4647
4646
4645
4644
4643
4642
4641
4640
4591
4590
4581
4580
4578
4577
4575
4574
4507
4506
4404
4403
4402
4401
4400
4399
7107
8909
9507
8857
8841
8884
8870
9017
6492
6537
8861
6535
9333
6533
9297
6531
6529
9660
6397
6387
6527
6685
6689
8971
1807
6690
8959
1711
6522
6519
7962
6515
8816
6334
8486
6494
9377
9381
9389
9385
8734
8726
6337
6336
7041
7040
7039
7038
7037
7036
7035
7034
7033
7032
7031
7030
7029
7028
3536
3535
3534
3533
3532
3531
3530
3529
3528
3527
3526
3525
3524
3523
3522
3521
3520
3519
3518
3517
3516
3515
3514
3513
3512
3511
3510
3509
7027
3508
3507
7064
6992
6985
4364
4363
4320
4319
4248
4247
4246
4245
4180
4179
4171
4170
4122
4121
3830
3829
3810
3809
3633
3632
3292
3291
3249
3248
7045
3548
3547
7044
3546
3545
6892
3568
3567
3268
3267
2896
2895
7043
3544
3543
6886
3566
3565
3247
3246
2882
2881
7720
7042
3542
3541
6881
3564
3563
3233
3232
2870
2869
8759
6326
9369
9373
8750
6341
6900
3562
3561
3283
3282
2908
2907
6921
3161
3160
6325
9671
9177
8874
962
961
8881
1309
1308
8868
902
901
9365
8722
8764
8710
8799
8738
6338
9502
6896
3560
3559
3276
3275
2900
2899
9197
6920
3159
3158
9233
8730
9217
9181
8718
6938
9221
9169
9209
9205
9201
9185
8800
6427
1489
1484
1478
1471
1460
7002
7019
3945
3944
3724
3723
3214
3213
9225
9193
9487
9547
9483
9551
9543
6547
9237
8804
9189
8763
8798
9535
9241
6503
6888
3556
3555
3258
3257
2888
2887
8793
810
8758
753
7708
7958
8808
7008
4065
4064
3693
3692
3193
3192
7731
9245
7729
6889
3558
3557
3260
3259
2890
2889
9229
9213
9325
9293
6855
6734
6732
3937
3936
3741
3740
3572
3571
3570
3569
3417
3416
3401
3400
3220
3219
2994
2993
2965
2964
2828
2827
2417
2416
2394
2393
9173
7104
7150
7149
7147
7106
6501
6545
7148
7105
8836
8852
6349
6352
6596
6593
6591
6587
6584
6582
6581
6436
6435
6434
6433
6432
6431
6430
6406
6405
6401
6399
6396
6395
6394
6600
6437
6604
6438
6552
6422
9666
3153
3152
3013
3012
3005
3004
6389
7132
9018
6919
3157
3156
9675
7146
6773
7251
4649
4648
4606
4605
4509
4508
7174
4567
4566
4511
4510
4336
4335
7121
4380
4379
4340
4339
4161
4160
7062
4250
4249
4178
4177
3828
3827
6951
4075
4074
3845
3844
3381
3380
7971
6950
4073
4072
3841
3840
3379
3378
7313
8934
9531
6663
7315
7312
7311
7309
6354
6910
6364
7713
8832
7088
7073
7072
7071
7067
7066
7065
7087
7086
7085
7012
3943
3942
3713
3712
3212
3211
7084
8848
7082
7884
7883
6165
6164
6161
6160
6137
6136
6109
6108
6105
6104
6027
6026
7079
9655
6949
4071
4070
3839
3838
3377
3376
6367
6351
6766
3113
3112
2847
2846
2672
2671
9001
9004
8926
7314
7310
8794
8789
8785
8781
8777
8773
8918
6528
6523
6520
6516
6513
6512
6511
6510
6509
6493
6491
6490
6489
6488
6487
2810
2809
2808
2807
2806
2805
2804
2803
2802
2801
2800
2799
2798
2797
2796
2795
2794
2793
2792
2791
2790
2789
2788
2787
2786
2785
2784
2783
2782
2781
2571
2570
2567
2566
2565
2564
2559
2558
2555
2554
2552
2551
2550
2549
2544
2543
2540
2539
2468
2467
2466
2465
2460
2459
2454
2453
2450
2449
2444
2443
2075
2074
2071
2070
2069
2068
2065
2064
2061
2060
2059
2058
2057
2056
2055
2054
2053
2052
1992
1991
1987
1986
1982
1981
1978
1977
1973
1972
1971
1970
7407
5079
5078
5049
5048
5003
5002
7409
5081
5080
5052
5051
5005
5004
7420
5093
5092
5026
5025
5021
5020
7422
5095
5094
5028
5027
5023
5022
6849
8769
7166
7296
4744
4743
4741
4740
4687
4686
7688
7689
7690
7691
7170
7164
7162
7160
7271
4709
4708
4661
4660
4623
4622
7540
5124
5123
5122
5121
5102
5101
7961
6524
2816
2815
2569
2568
2073
2072
7078
9321
9560
7460
5120
5119
5099
5098
5075
5074
8076
9289
6497
6358
6807
6810
6814
7348
4872
4871
4800
4799
4763
4762
6817
9497
7352
4876
4875
4808
4807
4775
4774
7354
4870
4869
4816
4815
4779
4778
8818
6819
8765
7015
7168
7161
6823
7350
4874
4873
4804
4803
4771
4770
6708
6659
6655
6651
6648
6645
6642
2525
2524
2442
2441
2440
2439
2436
2435
2433
2432
2429
2428
2424
2423
6704
2518
2517
6702
2515
2514
6699
2510
2509
6696
2506
2505
6876
3538
3537
3216
3215
2844
2843
6693
2499
2498
6821
9562
7353
4868
4867
4812
4811
4777
4776
7180
7011
3941
3940
3701
3700
3210
3209
8938
7020
9402
9401
9400
9399
8282
4814
4813
4784
4783
4782
4781
4780
4749
4726
4725
6691
2497
2496
6620
6883
3554
3553
3239
3238
2876
2875
6622
6878
3552
3551
3224
3223
2859
2858
6625
6540
8817
8922
6628
9077
9110
6632
8760
9663
3171
3170
3050
3049
2338
2337
8002
7988
7987
7978
2130
2081
2078
2076
1826
1752
1748
1746
1593
1548
1453
1446
1438
1427
1421
1417
8736
8728
8761
8526
5764
5763
5732
5731
6359
6826
6362
6899
8751
8752
6931
6839
6636
6755
70
69
543
542
82
6767
6750
6746
6737
8910
222
8999
6469
9149
6634
6760
6742
6811
6815
6824
6960
6958
6474
6472
6471
6470
9063
6828
6818
6468
6957
8952
8858
8842
9124
553
552
291
747
746
769
768
739
738
6467
9141
9158
9269
9268
9267
9266
9265
9264
9263
9260
9259
9258
9257
9256
9255
9253
4360
4266
4265
4264
4263
4262
4261
4260
4257
4256
4253
4252
4251
4226
2586
2585
2007
2006
1708
1707
1357
1356
1264
1263
968
967
719
389
1704
1703
1355
1354
1262
1261
965
964
482
39
1700
1699
1353
1352
1257
1256
960
959
481
38
1694
1693
1351
1350
1253
1252
954
953
480
37
9159
4095
4094
3911
3910
1690
1689
1349
1348
1248
1247
946
945
479
36
9142
3648
3647
3454
3453
6559
9125
3180
3179
3092
3091
6683
6820
9064
2834
2833
2590
2589
8982
6837
6846
2851
2850
8862
6835
8173
8172
8171
8170
8169
8168
8181
8180
8179
7204
4543
4542
4432
4431
4275
4274
8838
8178
6971
6840
6842
6827
8944
8932
6836
7351
4866
4865
4806
4805
4773
4772
6831
9150
6838
8177
7207
4545
4544
4447
4446
4285
4284
8200
4146
4116
4115
4112
6466
6902
6679
9000
2245
2244
2123
2122
7205
4553
4552
4434
4433
4277
4276
7202
4551
4550
4424
4423
4270
4269
8885
7201
4549
4548
4414
4413
4268
4267
7178
7214
4557
4556
4473
4472
4303
4302
6884
6762
6834
8948
6887
6769
8871
8145
7213
4547
4546
4471
4470
4301
4300
6926
6499
7208
4555
4554
4449
4448
4287
4286
8144
8873
1118
8891
1220
8197
4157
4132
4130
4128
1680
1679
1347
1346
1243
1242
938
937
478
35
8176
6930
8995
8711
8723
8724
6711
9055
6740
6714
989
984
983
982
822
821
780
779
775
774
772
771
770
505
504
503
313
312
258
257
250
249
241
240
221
50
49
48
7799
7755
6687
2493
2492
9120
1157
855
352
9137
9154
8008
1339
1338
1260
1259
573
384
1337
1336
1255
1254
494
31
8021
1335
1334
1251
1250
493
30
9155
4089
4088
3909
3908
7839
6609
2207
2206
6613
2239
2238
8963
7863
1333
1332
1246
1245
492
29
7862
9138
3641
3640
3448
3447
7861
6666
3165
3164
3001
3000
2458
2457
1331
1330
1241
1240
491
28
6507
9121
3176
3175
3086
3085
8956
6822
1153
448
16
1329
1328
1236
1235
490
27
7023
7217
4559
4558
4495
4494
4311
4310
9056
2830
2829
2579
2578
8876
8893
8878
981
8143
8895
1063
8712
8610
8575
6927
8596
8593
6933
6936
8592
8996
2684
2683
2121
2120
6412
6410
8591
8544
6639
8731
7021
1327
1326
1229
1228
489
26
8983
6809
8879
6724
6605
6429
6623
6653
500
45
572
412
52
502
47
6637
501
46
8945
8933
6626
7938
7934
7937
7936
8650
8651
8649
8648
849
385
514
53
516
55
515
54
1147
447
15
6641
6629
8949
2166
2165
1797
1796
8719
6608
2205
2204
8896
9378
6612
2237
2236
9366
9386
9390
9382
6414
1806
1798
1792
1788
1781
1774
1768
1764
1762
1681
1672
1476
1469
1458
1450
1443
1436
7024
6922
7964
7959
7798
7753
6923
8175
6674
6673
6672
6671
721
720
564
563
561
560
559
558
557
499
498
497
418
417
414
413
411
410
406
140
139
44
43
42
8964
7219
4533
4532
4503
4502
4315
4314
6669
8957
8911
8609
8573
6668
8917
8854
9506
8960
9555
6633
8951
6650
7189
8901
8243
8864
6390
8844
8859
8843
7173
6647
8219
9374
9370
6660
6656
6640
6649
6644
6652
6667
6795
6799
6793
6789
6785
7672
443
439
435
431
377
370
363
360
354
113
105
99
94
87
80
119
118
381
8112
8068
8065
383
8886
386
390
8872
6830
6409
393
213
212
9317
6646
8735
8727
9285
9431
7216
4531
4530
4493
4492
4308
4307
9419
6934
6797
6786
8812
6332
6473
274
273
7734
7723
6841
8004
2213
2212
2067
2066
6425
6458
6879
6752
361
6805
7735
7725
8242
4616
4615
4394
4393
8863
1833
1832
1206
1205
8245
8241
8240
8236
4620
4619
4614
4613
4612
4611
4608
4607
4398
4397
4392
4391
4388
4387
4382
4381
7682
7684
7685
7077
8740
6808
9541
9481
9477
8698
9525
9517
9513
6868
151
112
111
12
6731
8244
8239
4618
4617
4610
4609
4396
4395
4384
4383
260
259
8207
8194
8142
8111
8052
6356
8806
8805
9509
8051
6440
8974
8902
9008
9116
6784
364
9131
7083
4238
4237
4093
4092
3925
3924
9146
9167
556
195
513
68
512
67
9168
511
66
9147
510
65
9132
8819
6635
509
64
9117
6801
9495
6897
6893
6779
6890
6775
1142
446
14
13
6946
4077
4076
3835
3834
3355
3354
8762
9009
8753
6812
9160
6816
9371
9391
6806
6745
8005
7991
7989
9387
6749
508
63
8295
4794
4793
4761
4760
7080
4236
4235
4087
4086
3921
3920
6903
8297
8294
8293
8291
4798
4797
4792
4791
4790
4789
4786
4785
4769
4768
4759
4758
4757
4756
4751
4750
9199
6948
4069
4068
3837
3836
3373
3372
7026
4079
4078
3730
3729
3218
3217
6825
9100
9084
9075
9383
9108
9104
9092
9088
9080
9096
9179
1325
1324
1224
1223
488
25
7956
8837
9222
8975
9206
9210
9170
9182
9413
353
9425
9417
9414
355
440
9426
9418
9429
444
9430
9311
351
56
9097
3822
3821
3486
3485
2987
2986
2640
2639
7000
7187
7186
7183
7181
7177
7175
7122
7120
7117
7115
7113
7111
9444
6918
3155
3154
6462
9363
8296
8292
4796
4795
4788
4787
4765
4764
4753
4752
8082
3602
3601
3301
3300
9552
9278
8083
3604
3603
3303
3302
9488
9484
9548
9312
6965
8085
3606
3605
3308
3307
9544
348
436
9186
9202
7237
7235
7233
7232
7231
7229
7230
9347
9109
9105
9093
9089
9081
3832
3831
3826
3825
3820
3819
3818
3817
3812
3811
3491
3490
3484
3483
3482
3481
3478
3477
3421
3420
2996
2995
2992
2991
2981
2980
2974
2973
2968
2967
2648
2647
2634
2633
2627
2626
2614
2613
2491
2490
7228
8050
7281
7279
7278
7276
7274
7273
7272
7270
8087
3608
3607
3313
3312
7210
4537
4536
4459
4458
4291
4290
8853
8265
8264
8263
8262
8261
8260
8259
6722
6720
6718
6716
6713
6712
2542
2541
2538
2537
2536
2535
2534
2533
2531
2530
2529
2528
6710
2527
2526
6706
2522
2521
8802
8253
8252
8251
8250
8249
8248
8247
9439
6764
6758
6753
6748
6744
6739
2674
2673
2670
2669
2667
2666
2663
2662
2658
2657
2652
2651
6743
2656
2655
8258
7363
4934
4933
4901
4900
4840
4839
6738
2650
2649
7349
4864
4863
4802
4801
4767
4766
8246
7108
9445
7243
8205
8594
8561
9279
7143
432
7261
8204
8795
8790
8786
8782
8778
8090
3610
3609
3318
3317
7212
4529
4528
4469
4468
4298
4297
8257
8254
7814
7764
6803
8774
7209
4527
4526
4457
4456
4289
4288
243
242
9440
9536
8119
3967
3966
3726
3725
8810
8809
6802
6607
2203
2202
9183
9203
6611
2235
2234
8834
9187
9379
9227
9211
9171
9223
8039
3287
3286
2912
2911
8037
8035
8031
3281
3280
3278
3277
3266
3265
3096
3095
2919
2918
2917
2916
9207
8044
3295
3294
2905
2904
4362
4361
4338
4337
4119
4118
3758
3757
3227
2913
2371
2370
2369
2368
1902
1901
1510
1509
980
979
682
681
263
9178
785
705
704
396
395
388
387
359
358
148
147
6804
8094
3574
3573
3328
3327
9101
9085
9076
3824
3823
3814
3813
3806
3805
3488
3487
3480
3479
3476
3475
2990
2989
2971
2970
2962
2961
2644
2643
2621
2620
2608
2607
7144
7075
8887
6778
3121
3120
2865
2864
2686
2685
7131
8033
3274
3273
2921
2920
8041
3290
3289
2910
2909
6556
9175
8725
7211
4519
4518
4467
4466
4296
4295
382
51
397
8092
3612
3611
3323
3322
9767
5666
7206
4525
4524
4441
4440
4279
4278
7081
9226
8218
4565
4564
4515
4514
6498
8770
7797
7752
9151
8174
8713
8654
6665
8608
8572
6866
8045
3297
3296
2902
2901
6554
9247
6597
8737
8729
865
164
59
8658
8217
4563
4562
4513
4512
8754
1195
997
888
880
567
17
1102
1002
1000
734
72
6327
8029
3256
3255
3098
3097
9234
9218
6549
8927
6578
6339
8014
2814
2813
2481
2480
8122
3969
3968
3733
3732
6813
9606
6898
6864
9235
6657
6681
2489
2488
6643
8889
8814
231
7159
4535
4534
4505
4504
4317
4316
8055
3953
3952
3849
3848
3399
3398
3021
3020
357
356
8084
3618
3617
3305
3304
8095
3614
3613
3330
3329
8056
3955
3954
3851
3850
3403
3402
3025
3024
8839
8483
8086
3620
3619
3310
3309
8099
3616
3615
3341
3340
8846
8088
3622
3621
3315
3314
8866
7968
9343
8097
3576
3575
3337
3336
6557
6485
6482
6484
6480
6478
8936
6476
6602
7218
4523
4522
4501
4500
4313
4312
9313
8502
9281
6598
9307
6594
238
6560
8136
3991
3990
3773
3772
8503
8107
3598
3597
3365
3364
7058
7099
7172
8193
7200
8185
9504
8238
8662
8215
7215
4521
4520
4491
4490
4306
4305
7730
6379
6378
6375
6376
8732
8103
3594
3593
3353
3352
6901
8091
3624
3623
3320
3319
8110
3588
3587
3375
3374
8108
3586
3585
3369
3368
8098
3590
3589
3339
3338
8105
3596
3595
3359
3358
8104
3582
3581
3357
3356
8101
3592
3591
3348
3347
9375
6382
6372
8106
3584
3583
3363
3362
8953
2173
2172
1805
1804
6882
6757
8919
7101
21
7076
8666
9219
9392
371
9239
9388
7893
9372
8766
8807
7652
74
8102
3580
3579
3351
3350
7668
7651
7667
9215
7663
7648
7664
7665
7666
9384
8024
507
62
7740
20
8670
6736
9191
75
1671
1670
1345
1344
1238
1237
930
929
477
34
8132
3975
3974
3762
3761
6443
210
8855
752
22
809
76
9394
301
187
186
18
9396
7522
6800
6798
6796
6794
6792
6788
6735
6733
6618
6616
6614
7524
8421
8422
7526
8423
6380
947
6377
955
8023
7362
7361
7360
7359
7358
7527
8424
7357
7356
7367
7374
7373
7372
7371
7370
7369
7368
7366
7365
7364
8135
3977
3976
3771
3770
6333
910
909
773
576
574
571
570
569
568
566
565
562
7528
8425
9380
6982
6976
6972
6967
6954
6952
4013
4012
4009
4008
4005
4004
4001
4000
3999
3998
3997
3996
3931
3930
3927
3926
3919
3918
3915
3914
3859
3858
3853
3852
3456
3455
3442
3441
3435
3434
3431
3430
3389
3388
3385
3384
6944
3939
3938
3816
3815
3299
3298
8080
3119
3118
2855
2854
6833
3550
3549
3344
3343
2935
2934
106
7516
8415
8850
267
8552
8538
5888
5887
5870
5869
5815
5814
5795
5794
7530
8427
8554
8539
5890
5889
5872
5871
5819
5818
5799
5798
8903
7944
7529
9195
8426
8013
8042
3117
3116
2939
2938
8010
9012
9010
9016
9243
6500
8979
6400
6398
2211
2210
2209
2208
2015
2014
2009
2008
1803
1802
1619
1595
1594
1582
1581
1502
1501
1497
1493
1488
1482
1475
1467
1434
1433
8678
6517
8890
9231
8690
9194
9212
9172
9224
9208
9335
9188
9204
8125
3971
3970
3743
3742
8093
3626
3625
3325
3324
9299
9184
7203
4561
4560
4426
4425
4272
4271
7517
8416
7145
6558
2138
2137
6638
7056
8138
3979
3978
3778
3777
7098
219
8141
3981
3980
3782
3781
6421
7171
6765
6759
8191
6754
7199
8183
8133
3989
3988
3764
3763
8235
272
7972
8213
8123
3983
3982
3735
3734
9228
8053
3947
3946
3843
3842
3393
3392
3011
3010
9614
2185
2184
2129
2128
1780
1779
1018
1017
867
866
98
97
7009
8811
6988
2187
2186
2132
2131
1787
1786
1022
1021
521
520
104
103
7951
7946
7945
8849
7976
7531
5108
5107
100
9644
9532
7955
7533
5110
5109
8686
9180
7532
8940
8428
8543
8702
8694
8682
8924
8674
7896
6370
8746
8888
7649
1665
1664
1343
1342
1231
1230
923
922
476
33
7662
5605
5604
7655
7660
7654
5607
5606
7659
5609
5608
7975
7905
8129
3973
3972
3751
3750
8733
7952
7539
5118
5117
7538
5116
5115
8126
3985
3984
3745
3744
7536
9376
8431
7537
9242
8432
9190
9238
7947
7732
7719
1661
1660
1341
1340
1226
1225
991
990
916
915
533
532
475
32
6518
8130
3987
3986
3753
3752
7535
7904
8430
9626
8720
7671
5662
5661
5632
5631
230
229
120
7520
8419
7903
365
200
199
8528
8059
3961
3960
3867
3866
3409
3408
3039
3038
8058
3959
3958
3863
3862
3407
3406
3034
3033
8057
3957
3956
3857
3856
3405
3404
3029
3028
8480
5658
5657
5617
5616
8497
5688
5687
5644
5643
8479
5656
5655
5615
5614
8496
5686
5685
5642
5641
8481
5693
5692
5680
5660
5659
5619
5618
7521
6561
2142
2141
8495
5684
5683
5640
5639
8420
1455
1454
1279
1278
608
607
422
421
8660
8656
6676
8984
1465
1464
1284
1283
620
619
424
423
671
670
659
658
636
635
616
615
594
593
580
579
283
282
280
279
270
269
252
251
234
233
215
214
7902
7347
7346
7345
7344
7343
7342
7341
7338
7337
7340
7339
7325
7324
7323
7322
7321
7320
7319
9630
1852
1851
1721
1720
8494
5682
5681
5638
5637
7757
7673
7716
7901
8139
3993
3992
3780
3779
9327
8109
3600
3599
3371
3370
6383
1027
9301
9295
9337
7097
7054
7518
8417
6621
6624
6627
6630
9236
7900
8100
3578
3577
3346
3345
6861
6880
2179
2178
2125
2124
1767
1766
1006
1005
859
858
86
85
7169
7197
8182
8190
7523
5104
5103
7525
5106
5105
7966
8234
8212
7899
7898
7741
5959
5958
5923
5922
5817
5816
7742
5961
5960
5925
5924
5821
5820
7743
5963
5962
5927
5926
5825
5824
7744
5965
5964
5929
5928
5829
5828
6475
6514
7953
7948
7519
8418
7940
6694
3169
3168
3053
3052
2501
2500
6617
3111
3110
2937
2936
2389
2388
6562
2146
2145
1321
1320
1280
1082
1081
743
79
7737
7728
7709
7736
7727
6771
9220
6709
8833
7935
9162
9161
2193
2192
2140
2139
1801
1800
1032
1031
535
534
124
123
2191
2190
2136
2135
1795
1794
1030
1029
531
530
117
116
2189
2188
2134
2133
1791
1790
1026
1025
525
524
110
109
6508
6381
9616
8739
7957
8721
7954
9230
8627
7907
6249
6248
6243
6242
6235
6234
8700
7768
8672
8576
9674
3167
3166
2949
2948
8985
8668
7534
8429
6664
8089
3498
3497
3226
3225
8664
9198
7746
8493
5679
5678
5636
5635
1323
1322
1219
1218
988
987
527
526
487
24
6426
1998
1995
1990
1985
1812
1761
1755
1738
1735
1734
1733
1732
1729
1728
1725
1724
1719
1641
1636
1633
1627
7894
6730
6782
8060
3963
3962
3871
3870
3411
3410
3043
3042
7096
9323
7052
8062
3949
3948
3769
3768
3415
3414
2944
2943
9291
8928
6563
2153
2152
9071
9367
9330
6777
7992
7167
7195
9498
9273
8203
9570
9072
3800
3799
3474
3473
2959
2958
2602
2601
8189
8898
1727
1726
1201
6741
8882
1074
8232
8500
8210
8478
8756
764
763
762
759
754
751
748
744
740
372
367
366
157
156
60
8096
3628
3627
3332
3331
7895
6185
6184
6183
6182
6157
6156
6725
3163
3162
3090
3089
2546
2545
9662
8520
8522
8524
8525
8801
8548
8536
5878
5877
5866
5865
5809
5808
5787
5786
9214
8485
6495
9246
8049
8482
8923
8939
8978
1611
1500
1496
1492
1487
1481
1474
1466
1456
6872
6871
6870
6869
6867
6865
6863
6862
6860
6854
6852
7775
9627
8583
8680
8692
8743
2195
2194
2144
2143
1810
1809
1034
1033
537
536
128
127
8744
2181
2180
2063
2062
2038
2037
1820
1819
1040
1039
549
548
376
375
8061
3965
3964
3877
3876
3413
3412
3046
3045
6423
1175
1174
758
757
517
201
58
8054
3951
3950
3847
3846
3397
3396
3017
3016
6606
2201
2200
6610
2233
2232
7687
7674
7686
7681
5677
5676
8547
5884
5883
5856
5855
6411
8835
8851
6564
2157
2156
7643
5528
7642
5529
7641
5532
9608
8475
5597
5596
9240
7647
7646
7644
5654
5653
5601
5600
5572
5571
5530
5527
5520
7628
5511
8012
2812
2811
2472
2471
6829
3506
3505
3335
3334
2933
2932
7645
5531
8920
9196
7842
9529
9521
9192
7969
7046
7102
9433
9421
6550
9275
9332
9368
7068
1440
1439
1271
1270
587
586
416
415
6580
6925
8688
7424
5097
5096
5030
5029
4972
4971
9643
7411
5083
5082
5055
5054
5009
5008
9618
8655
8988
7095
8741
1294
1293
812
811
6962
9519
7050
9527
378
8541
8535
5894
5893
5876
5875
5827
5826
5805
5804
8514
5770
5769
5726
5725
8556
8540
5892
5891
5874
5873
5823
5822
5803
5802
9499
9013
7715
9302
9338
9244
9065
2197
2196
2151
2150
1815
1814
1038
1037
545
544
130
129
7069
6964
2183
2182
2127
2126
1773
1772
1012
1011
864
863
93
92
9319
8929
6566
2162
2161
9563
8505
8498
7776
7295
8504
7269
9287
9200
7265
4676
4568
8584
7294
9610
8755
81
362
8714
8706
6859
8935
7165
6568
2169
2168
7194
9282
9314
8202
8188
8326
4970
4969
4890
4889
8325
4968
4967
4888
4887
8323
4966
4965
4886
4885
8322
4964
4963
4884
4883
8321
4962
4961
4882
4881
8077
8318
4952
4951
4932
4931
8317
4950
4949
4930
4929
8314
4948
4947
4928
4927
8320
4960
4959
4880
4879
8313
4946
4945
4925
4924
8312
4944
4943
4922
4921
6570
1871
1870
8311
4942
4941
4920
4919
8310
4940
4939
4918
4917
8231
8319
4958
4957
4878
4877
8316
4938
4937
4905
4904
9623
873
872
818
817
8327
4936
4935
4903
4902
8324
4956
4955
4914
4913
6572
1876
1875
8829
8967
8315
4954
4953
4911
4910
8965
6548
6546
6544
6543
6542
6541
6539
6538
6536
6534
6532
6530
2117
2116
2110
2109
2106
2105
2103
2102
2100
2099
2098
2097
2096
2095
2094
2093
2092
2091
2089
2088
2085
2084
2080
2079
7970
8209
9721
9719
9718
9717
9716
9714
9720
9715
6577
1904
1903
9561
7950
8410
8408
8407
8406
8405
8409
8404
8403
6631
2635
2532
2523
2516
9286
6579
3072
3069
3062
3059
3056
3051
3048
3047
3044
2988
2982
2975
2972
2969
2963
2456
2455
1958
1957
9318
6353
7710
8020
3794
3793
3691
3690
3688
3687
3686
3685
3683
3682
3678
3677
3673
3672
3666
3665
3659
3658
3466
3465
3462
3461
3458
3457
3450
3449
3444
3443
3439
3438
3437
3436
3387
3386
3383
3382
3084
3081
2897
2893
2885
2879
2873
2868
2863
2617
2616
2610
2609
2604
2603
2598
2597
2594
2593
2592
2591
2588
2587
2474
2473
2470
2469
8022
3875
3874
3808
3807
3804
3803
3802
3801
3798
3797
3796
3795
3792
3791
3790
3789
3786
3785
3429
3428
3425
3424
3208
3207
3206
3205
3202
3201
3198
3197
3195
3194
3187
3186
3184
3183
2956
2954
2952
2950
2946
2945
2942
2845
2842
2577
2576
2573
2572
2350
2349
2344
2343
2334
2333
2324
2323
2312
2311
2304
2303
2296
2295
9658
1480
1479
1292
1291
644
643
430
429
1486
1485
1298
1297
655
654
434
433
9670
9669
9625
8116
7993
6996
6995
6994
6993
6991
6989
6984
6981
6978
6961
6959
6945
6929
6342
6335
6328
4099
4098
3697
3419
3418
2177
2176
2045
2018
1976
1975
1864
1863
1862
1861
1860
1859
1811
1751
1750
1743
1742
1741
1731
1730
1718
1653
1650
1632
1618
1617
1168
1167
1473
1472
1288
1287
629
628
427
426
8742
6692
6340
7714
8446
8461
6576
1898
1897
8464
9665
8443
8458
8455
8452
8449
9290
9322
9003
8992
8278
4746
4745
4723
4722
8288
4748
4747
4735
4734
9294
8269
4711
4710
4651
4650
9326
8128
4081
4080
3739
3738
8195
4232
4231
4155
4154
9586
9432
6575
1891
1890
8527
9420
9676
3496
3495
3423
3422
8198
4240
4239
4203
4202
9014
9163
4175
4174
3833
8186
4234
4233
4139
4138
9298
9334
7909
8659
8598
6091
6090
6031
6030
9306
9342
9346
9362
6574
1884
1883
9248
8657
8899
7242
7241
7240
7239
7238
7236
7234
8256
8966
7258
8328
5100
5031
4984
4983
4982
4981
7257
7287
7286
8290
7285
7284
8287
7283
8285
7282
8284
7280
8281
7267
8280
7266
8289
8277
8275
8274
8273
8272
8279
331
328
9272
8271
325
6525
320
268
254
248
9329
239
317
232
220
8276
314
211
8286
206
308
8283
309
9331
305
6456
6454
6452
6450
8268
6448
402
9274
6446
6783
6573
1878
1877
6424
7777
8867
1837
1836
1211
1210
9005
7316
9410
6442
8803
1062
1061
631
630
9002
7308
9406
8585
6588
6457
6526
8003
2231
2230
1929
1928
8001
2229
2228
1925
1924
8000
2227
2226
1923
1922
7999
2225
2224
1921
1920
7998
2223
2222
1919
1918
7997
2221
2220
1917
1916
8845
6601
9533
7996
2219
2218
1915
1914
6571
1873
1872
9611
6997
6937
6935
6932
6928
7336
7335
7332
7330
7328
7326
6924
7025
9489
7022
9582
9503
9549
8828
6506
2668
2665
2664
2661
2660
2654
2653
2646
2645
2642
2641
2637
2636
2629
2628
2623
2622
2615
2520
2519
2513
2512
2511
2508
2507
2504
2503
2502
2495
2494
2485
2484
2087
2086
2083
2082
7018
9232
9485
9537
9545
7014
9553
6998
7245
7678
6029
5989
5980
5979
5978
5977
5936
5935
5848
5847
5807
5750
5724
5690
5689
5663
1094
610
609
474
473
403
322
321
8255
7255
9480
6368
2160
2154
2147
1960
1959
1953
1949
1944
1940
1936
1931
1930
1838
1831
1830
1754
1749
1747
1625
1621
1620
1613
1612
1605
1604
1597
1596
1584
1583
1574
1573
1564
1563
1552
1551
1541
1483
1477
1470
1468
1459
1457
1451
1449
1444
1441
1435
1428
1422
1418
1414
1413
1233
1232
1194
1189
1187
1186
1182
1111
1101
1083
1042
1041
1007
986
985
9524
776
194
193
135
9476
8233
7191
425
9516
9508
9512
9540
8114
9667
9011
3063
2966
2960
2957
2955
2953
2951
2947
2862
2583
2582
2462
2461
2361
2360
2356
2355
2352
2351
2346
2345
2336
2335
2326
2325
2314
2313
9113
3093
2983
2906
2903
2898
2894
2886
2880
2874
2631
2630
2625
2624
2619
2618
2612
2611
2606
2605
2600
2599
2596
2595
2477
2476
2379
2378
284
19
9673
6569
2171
2170
6441
834
304
303
73
7185
7184
7182
7179
7176
7119
7118
7116
7114
7112
8892
9174
8875
9659
8025
8069
8937
8847
9216
8011
8009
9732
9731
9730
9725
7093
9753
9742
9740
9733
8150
9729
9726
9724
9723
9764
9762
9752
9739
8476
5603
5602
8468
5560
5559
9756
9755
9754
9748
9743
9741
9735
5646
5645
5591
5590
5564
5563
9757
9749
9744
9736
9734
5648
5647
5593
5592
5566
5565
9759
9758
9750
9747
9745
9737
5650
5649
5595
5594
5568
5567
7048
9763
9761
9760
9751
9746
9738
5671
5652
5651
5599
5598
5570
5569
8824
9067
8989
7889
8820
7995
2217
2216
1913
1912
9565
6374
1009
8925
1640
1639
6567
2164
2163
7841
7110
8941
1655
1654
8661
8877
2118
2077
2042
2035
2034
1808
1799
1793
1789
1785
1784
1783
1777
1776
1688
1687
1678
1677
1647
1646
1516
1515
970
8266
4739
4738
4721
4720
4719
4718
4717
4716
4715
4706
4705
4704
4703
4702
4701
4700
4699
4698
4697
4695
4694
4693
4692
4684
4683
4682
4681
8894
2119
2107
1771
1770
1698
1697
1676
1675
1461
1452
1445
1437
1430
1429
1425
1424
1423
1045
8267
4732
4731
4730
4729
4728
4727
4724
4713
4712
4691
4690
4689
4688
4667
4666
4665
4664
4663
4662
4659
4658
4657
4656
4655
4654
4653
4652
8976
8969
6955
9620
6990
6361
8027
3245
3244
3100
3099
11
8046
3106
3105
3066
2977
2976
2925
2836
2835
6987
8921
6553
6483
6481
6479
6477
6983
6603
9530
6599
7738
6595
8663
6565
2159
2158
6592
9522
8015
2475
2411
2406
2253
2252
9578
9315
6589
6555
9283
7733
7721
6980
9622
1180
1179
926
908
801
800
796
795
8489
8490
8113
3500
3499
3427
3426
7949
8115
3630
3629
3182
3181
8121
7756
6360
8831
9602
7748
6977
8546
5882
5881
5854
5853
8977
2448
2447
2111
1850
1849
1778
1737
1736
8916
2548
2547
1881
1866
1865
1508
1507
1426
8865
8904
8147
4067
4066
3907
3906
6975
7778
9765
5691
5670
5667
5665
5664
5630
9768
5669
8586
6363
6973
6970
7163
7193
8703
8695
8704
8696
8683
8684
9446
8675
8201
8676
7334
7333
7331
7329
7327
8748
9458
8230
8747
8187
7669
7679
7680
5673
5672
8208
9450
9454
6968
6357
6365
8560
506
61
9607
8515
5772
5771
5728
5727
6956
8597
6089
6088
6033
6032
9482
8545
5880
5879
5852
5851
9526
9478
9518
8757
1152
1151
767
9542
9514
8815
9490
9550
9486
6371
9546
8308
8307
8304
8302
8300
8298
4862
4861
4860
4859
4856
4855
4852
4851
4848
4847
4844
4843
4838
4837
4836
4835
4830
4829
4826
4825
4822
4821
4818
4817
9554
9770
6385
9510
7984
4635
4634
4604
4603
4499
4498
4332
4331
4145
3722
3272
3271
3270
3269
3023
3022
2420
2419
1956
1955
1652
1651
9632
9624
1868
1867
1659
1658
1319
1318
1120
1119
8433
5128
5127
5126
5125
9574
6373
8987
6355
9538
7749
6774
9603
7979
4625
4624
4594
4593
4455
4454
4322
4321
4137
3699
3231
3230
3229
3228
3003
3002
2398
2397
1934
1933
1629
1628
1212
761
760
519
518
170
169
138
1192
742
741
735
297
23
8699
1491
1490
1305
1304
667
666
438
437
9176
1499
1498
1166
1165
693
692
335
334
8905
9348
9364
9613
8665
8667
6418
8499
9493
8767
8555
5864
5863
5801
5800
9617
8507
8771
7982
4631
4630
4600
4599
4489
4488
4328
4327
4143
3711
3254
3253
3252
3251
3015
3014
2408
2407
1948
1947
1645
1644
6747
8775
8796
8791
8783
8779
8787
9501
9572
8162
4045
4044
3637
3636
8140
4063
4062
3775
3774
8134
4059
4058
3755
3754
8137
4061
4060
3766
3765
9571
8131
4057
4056
3747
3746
7983
4633
4632
4602
4601
4497
4496
4330
4329
4144
3717
3264
3263
3262
3261
3019
3018
2413
2412
1952
1951
1649
1648
8127
4055
4054
3737
3736
8124
4053
4052
3728
3727
8120
4051
4050
3719
3718
8118
4049
4048
3715
3714
8117
4043
4042
3707
3706
8165
4047
4046
3645
3644
9567
5953
5952
5932
5931
5846
5845
8228
8226
8224
8222
8220
4678
4677
4674
4672
4670
4587
4586
4584
4582
4576
4477
4476
4475
4474
4463
4462
4461
4460
4445
4444
4443
4442
4430
4429
4428
4427
4418
4417
4416
4415
8016
8007
8006
2434
2431
2430
2427
2426
2422
2421
2415
2414
2410
2409
2405
2404
2401
2031
2029
2028
2024
2023
2022
2021
2017
2016
2012
2011
2004
2003
2002
2001
2000
1999
1997
1996
1994
1993
1989
1988
1984
1983
1980
1979
1974
9505
7718
7717
5749
9657
9308
6768
9344
7587
8199
4156
4127
4125
4123
8813
8530
5766
5765
5707
5706
7074
6419
7981
4629
4628
4598
4597
4483
4482
4326
4325
4142
3705
3243
3242
3241
3240
3009
3008
2403
2402
1943
1942
1638
1637
7091
9587
9068
8626
6181
6180
6151
6150
8716
8715
8708
8707
7711
9594
8991
9583
9605
6222
9579
9575
9271
6856
6728
6682
6678
2998
2997
2438
2437
9612
8907
1840
1839
1643
1642
1303
7779
9621
6241
6240
6751
8587
6761
9457
9453
9461
9449
9577
8745
1300
1299
814
813
9588
9584
9591
8912
9597
8821
8825
8826
8542
5896
5895
5831
5830
8822
9470
9464
9463
9467
9468
9600
8915
9473
9472
9601
8913
9471
9595
8914
9593
9599
9598
9469
9465
8823
8827
9590
9592
9581
9596
7980
4627
4626
4596
4595
4465
4464
4324
4323
4141
3703
3237
3236
3235
3234
3007
3006
2400
2399
1939
1938
1635
1634
8550
8537
5886
5885
5868
5867
5812
5811
5791
5790
9447
9459
9452
9456
9451
9455
9448
9460
8553
5862
5861
5797
5796
6654
6721
9466
6719
6717
9462
6715
6707
9580
6703
9528
8078
8043
9585
8040
8038
6701
8036
8034
6698
8032
8030
6695
394
9520
8028
8017
2820
2819
2557
2556
6658
9534
9589
8026
9339
9303
8557
5957
5956
5919
5918
8669
8079
9300
9336
9494
5668
5623
5622
5621
5620
5589
5588
5579
5576
5575
5574
5573
9020
7657
5613
5612
7650
5562
5561
8968
7658
5611
5610
7656
7661
7653
5587
5586
6439
8986
8628
6205
6204
6187
6186
7990
7985
1848
1847
1550
1549
8717
8709
8671
9340
9304
9576
6756
1495
1494
1314
1313
679
678
442
441
8562
6037
6036
5995
5994
7675
7683
7986
7758
9492
8636
6221
6220
6203
6202
8595
6069
6068
6035
6034
8611
1448
1447
1275
1274
596
595
420
419
8638
6274
6273
6250
7815
8531
5768
5767
5709
5708
8797
8792
8784
8788
8687
8551
5860
5859
5793
5792
6776
6770
6763
6780
8780
8679
8691
9771
5988
5981
8776
8635
6219
6218
6201
6200
9615
8634
6217
6216
6199
6198
9024
8533
8532
5776
5775
5774
5773
5713
5712
5711
5710
8534
8511
5780
5779
5778
5777
5717
5716
5715
5714
6986
6979
6974
6969
6966
8772
2090
1534
1533
895
894
599
172
171
6428
1717
1716
1713
1710
1706
1702
1696
1692
1684
1524
1517
1506
8166
8163
8161
8160
8159
8158
8157
8155
8154
8152
8146
4041
4040
4039
4038
4037
4036
4035
4034
4033
4032
4031
4030
4029
4028
4027
4026
4025
4024
4023
4022
4021
4020
3886
3885
3883
3882
3881
3880
3879
3878
3873
3872
3869
3868
3865
3864
3861
3860
3855
3854
3788
3787
3784
3783
8633
6215
6214
6197
6196
8047
3125
3124
2979
2978
8074
3143
3142
3088
3087
8563
6113
6112
6039
6038
5997
5996
8073
3141
3140
3083
3082
7697
8072
3139
3138
3078
3077
8071
3137
3136
3074
3073
9573
6107
6106
6028
7759
7254
8070
3135
3134
3071
3070
7252
7253
7250
8067
3133
3132
3068
3067
7246
7247
7248
7249
8618
8066
3131
3130
3061
3060
8492
5675
5674
5634
5633
89
88
8064
3129
3128
3058
3057
7822
8673
8063
3123
3122
3055
3054
8632
6213
6212
6195
6194
8689
8445
9564
8463
8048
3127
3126
2985
2984
8693
8442
8681
2199
2198
2020
2019
1412
1191
1190
1036
1035
853
852
829
799
798
789
788
787
786
784
783
782
781
766
765
399
398
281
8460
8448
8451
8454
8457
9019
9252
9251
4370
4369
4334
4333
4176
409
9015
9296
7192
9328
9023
9434
9422
7190
8631
6211
6210
6193
6192
8549
5858
5857
5789
5788
8830
8214
8237
8184
8506
8192
8768
8906
8501
8229
8227
8225
8223
8221
8216
4680
4679
4675
4673
4671
4669
4589
4588
4585
4583
4579
4573
4487
4486
4485
4484
4481
4480
4479
4478
4453
4452
4451
4450
4439
4438
4437
4436
4422
4421
4420
4419
4412
4411
4410
4409
8630
6209
6208
6191
6190
7910
857
856
496
495
294
41
40
9604
9491
9609
8488
8491
8477
9028
8629
6207
6206
6189
6188
9027
8075
8459
5524
5506
5505
5500
5499
5490
5489
5480
5479
5468
5467
5456
5455
5441
5440
5429
5413
5406
5405
5402
5384
5370
5369
5360
5354
5339
5338
5319
5318
5312
5311
5297
5296
5291
5290
5266
5265
5264
5263
5246
5245
5236
5235
5222
5221
5210
5209
5198
5197
5192
5191
5150
5149
8456
5523
5502
5501
5488
5487
5478
5477
5476
5475
5463
5462
5451
5450
5439
5438
5428
5410
5403
5401
5399
5383
5368
5367
5359
5351
5350
5337
5336
5315
5314
5293
5292
5287
5286
5262
5261
5260
5259
5242
5241
5234
5233
5220
5219
5208
5207
5194
5193
5186
5185
8453
5522
5498
5497
5486
5485
5474
5473
5458
5457
5449
5448
5437
5436
5427
5407
5400
5398
5396
5382
5366
5365
5357
5349
5348
5335
5334
5310
5309
5289
5288
5283
5282
5258
5257
5256
5255
5238
5237
5218
5217
5206
5205
5188
5187
5180
5179
5162
5161
8450
5521
5496
5495
5484
5483
5482
5481
5472
5471
5464
5453
5452
5447
5446
5435
5434
5433
5432
5426
5415
5414
5404
5397
5395
5394
5381
5364
5363
5362
5355
5353
5352
5347
5346
5333
5332
5331
5330
5307
5306
5285
5284
5281
5280
5279
5278
5277
5276
5254
5253
5252
5251
5216
5215
5204
5203
5184
5183
5182
5181
5160
5159
8462
5525
5510
5509
5504
5503
5492
5491
5461
5460
5443
5442
5430
5425
5418
5409
5408
5385
5372
5371
5361
5356
5341
5340
5326
5325
5323
5322
5317
5316
5305
5304
5301
5300
5295
5294
5268
5267
5240
5239
5224
5223
5212
5211
5200
5199
5190
5189
5166
5165
8156
8153
8151
8149
8148
4015
4014
4011
4010
4007
4006
4003
4002
3995
3994
3933
3932
3929
3928
3923
3922
3917
3916
3913
3912
8749
8677
8685
8705
8697
8444
5454
5422
5421
5417
5416
5393
5392
5388
5387
5376
5375
5344
5328
5327
5324
5308
5272
5271
5249
5226
5225
5176
5175
5170
5169
5164
5163
5158
5157
5156
5155
5152
5151
5146
5145
5142
5141
5138
5137
5134
5133
5130
5129
9727
8465
5526
5508
5507
5494
5493
5470
5469
5466
5465
5445
5444
5431
5412
5411
5391
5386
5374
5373
5358
5343
5342
5321
5320
5303
5302
5299
5298
5270
5269
5248
5247
5244
5243
5228
5227
5214
5213
5202
5201
5196
5195
5172
5171
9722
8564
6115
6114
6041
6040
5999
5998
8447
5459
5424
5423
5420
5419
5390
5389
5380
5379
5378
5377
5345
5329
5313
5275
5274
5273
5250
5232
5231
5230
5229
5178
5177
5174
5173
5168
5167
5154
5153
5148
5147
5144
5143
5140
5139
5136
5135
5132
5131
9728
8619
7760
8653
6316
6315
6314
6313
8519
5758
5757
5740
5739
8518
5756
5755
5738
5737
8517
5754
5753
5734
5733
8516
5752
5751
5730
5729
7823
8521
5760
5759
5744
5743
8508
5703
5702
5695
5694
7994
2215
2214
1911
1910
6460
8523
5762
5761
5746
5745
8509
5705
5704
5697
5696
9032
9031
8018
2818
2817
2561
2560
6684
8652
6296
6295
6294
6293
657
656
649
648
625
624
604
603
585
584
278
277
276
275
265
264
245
244
225
224
8565
6117
6116
6043
6042
6001
6000
8620
7761
9292
2036
1528
1527
886
885
590
168
167
2033
1521
1520
879
878
581
166
165
2032
1512
1511
875
874
578
163
162
9324
2030
1505
1504
1311
1310
577
159
158
7824
7800
2039
1536
1535
897
896
600
174
173
2044
1554
1553
912
911
621
180
179
8574
6013
6012
5993
5992
2041
1543
1542
904
903
612
176
175
8558
2047
1566
1565
920
919
632
184
183
7638
7637
7636
7635
8701
994
993
575
7639
7626
7640
7627
9035
9036
7780
2113
2112
1900
1899
1893
1892
1886
1885
1880
1879
1626
1622
1614
1606
1442
1208
1207
1203
1202
1198
1197
949
948
940
939
932
931
925
924
918
917
907
906
900
899
892
891
884
883
808
807
57
8637
6254
6253
6252
6251
8588
8621
8990
8566
6119
6118
6045
6044
6003
6002
9316
7825
7762
9284
9039
9040
8559
5967
5966
5938
5937
8019
2822
2821
2563
2562
9066
9500
8622
8567
6121
6120
6047
6046
6005
6004
7826
7763
9619
933
804
803
71
9043
9044
7383
7380
8623
8568
6123
6122
6049
6048
6007
6006
7827
7765
9047
9048
6781
6723
8569
6125
6124
6051
6050
6009
6008
7766
8624
7828
9288
9320
7781
8589
9051
9052
7782
7829
8625
7769
7767
8570
6127
6126
6053
6052
6011
6010
8590
7821
7820
7819
7818
7817
7774
7773
7772
7771
7770
8577
8617
8616
8615
8614
8613
8582
8581
8580
8579
8578
7851
7850
7849
7848
7847
7846
7845
7844
7843
8306
8305
8303
8301
8299
4858
4857
4854
4853
4850
4849
4846
4845
4842
4841
4834
4833
4832
4831
4828
4827
4824
4823
4820
4819
8607
8606
8605
8604
8603
8602
8601
6087
6086
6085
6084
6083
6082
6081
6080
6079
6078
6077
6076
6075
6074
6067
6066
6025
6024
6023
6022
6021
6020
6019
6018
6017
6016
6015
6014
8600
8599
6073
6072
6071
6070
6065
6064
6063
6062
7712
8512
5782
5781
5719
5718
7816
7751
8571
6129
6128
6055
6054
5991
5990
8612
9566
9059
9060
8647
8646
8645
8644
8643
8642
8641
8640
8639
7930
7929
7928
7927
7926
7925
7924
7923
7922
6292
6291
6290
6289
6288
6287
6286
6285
6284
6283
6282
6281
6280
6279
6278
6277
6276
6275
6272
6271
6270
6269
6268
6267
6266
6265
6264
6263
6262
6261
6260
6259
6258
6257
6256
6255
4517
4516
4435
4353
4318
4230
4229
4228
4227
4209
4208
4207
4206
4205
4204
4201
4200
4199
4198
4197
4196
4195
4194
4192
4191
4190
4189
4188
4187
4186
4185
4184
4183
4182
4181
4140
4136
4135
4134
4133
4131
4129
4126
4124
4120
4117
4101
4100
3935
3934
3902
3899
3896
3893
3892
3891
3890
3889
3888
3887
3884
3776
3767
3760
3759
3756
3749
3748
3731
3721
3720
3716
3710
3704
3702
3698
3696
3695
3694
3650
3649
3646
3639
3631
3494
3493
3492
3489
3440
3433
3432
3367
3366
3361
3360
3306
3293
3288
3285
3284
3279
3250
3185
3172
3109
3104
3103
3094
3065
3064
3037
3030
3027
3026
2941
2940
2931
2930
2929
2928
2927
2926
2924
2923
2922
2915
2914
2841
2840
2839
2838
2837
2824
2823
2780
2779
2778
2777
2776
2775
2774
2773
2772
2771
2770
2769
2768
2767
2766
2765
2764
2763
2762
2761
2760
2759
2758
2757
2756
2755
2754
2753
2752
2751
2750
2749
2748
2747
2746
2745
2744
2743
2742
2741
2740
2739
2738
2737
2736
2735
2734
2733
2732
2731
2730
2729
2728
2727
2726
2725
2724
2723
2722
2721
2720
2719
2718
2717
2716
2715
2714
2713
2712
2711
2710
2709
2708
2707
2706
2705
2704
2703
2702
2701
2700
2699
2698
2697
2696
2695
2694
2693
2692
2691
2690
2689
2688
2687
2682
2681
2680
2679
2676
2675
2659
2638
2632
2575
2574
2553
2464
2463
2452
2451
2425
2418
2396
2395
2392
2391
2390
2387
2386
2385
2384
2383
2382
2381
2380
2377
2376
2375
2374
2373
2372
2367
2366
2365
2364
2363
2362
2359
2358
2357
2354
2353
2348
2347
2342
2341
2340
2339
2332
2331
2330
2329
2328
2327
2322
2321
2320
2319
2318
2317
2316
2315
2310
2309
2308
2307
2306
2305
2302
2301
2300
2299
2298
2297
2294
2293
2292
2291
2290
2289
2288
2287
2286
2285
2284
2283
2282
2281
2280
2279
2278
2277
2276
2275
2274
2273
2272
2271
2270
2269
2268
2267
2266
2265
2264
2263
2262
2261
2260
2259
2258
2257
2256
2255
2254
2251
2250
2249
2248
2247
2246
2243
2242
2241
2240
2175
2174
2167
2155
2149
2148
2114
2108
2104
2101
2051
2050
2049
2048
2046
2043
2040
2027
2026
2025
2013
2005
1969
1968
1967
1966
1965
1964
1963
1962
1961
1954
1950
1946
1945
1941
1937
1935
1932
1927
1926
1909
1908
1907
1906
1905
1896
1895
1894
1889
1888
1887
1882
1874
1869
1846
1845
1844
1843
1842
1841
1835
1834
1829
1828
1824
1823
1822
1821
1818
1817
1813
1782
1775
1769
1765
1763
1760
1759
1756
1753
1740
1739
1715
1714
1709
1705
1701
1695
1691
1686
1685
1683
1682
1674
1673
1669
1668
1667
1666
1663
1662
1657
1656
1631
1630
1624
1623
1616
1615
1610
1609
1608
1607
1603
1602
1601
1600
1599
1598
1592
1591
1590
1589
1588
1587
1586
1585
1580
1579
1578
1577
1576
1575
1572
1571
1570
1569
1568
1567
1562
1561
1560
1559
1558
1557
1556
1555
1547
1546
1545
1544
1540
1539
1538
1537
1532
1531
1530
1529
1526
1525
1523
1522
1519
1518
1514
1513
1503
1463
1462
1432
1431
1420
1419
1416
1415
1411
1410
1409
1408
1407
1406
1405
1404
1403
1402
1401
1400
1399
1398
1397
1396
1395
1394
1393
1392
1391
1390
1389
1388
1387
1386
1385
1384
1383
1382
1381
1380
1379
1378
1377
1376
1375
1374
1373
1372
1371
1370
1369
1368
1367
1366
1365
1364
1363
1362
1361
1360
1359
1358
1317
1316
1315
1312
1307
1306
1302
1301
1296
1295
1290
1289
1286
1285
1282
1281
1277
1276
1273
1272
1268
1267
1266
1265
1258
1244
1239
1234
1227
1222
1221
1217
1216
1215
1214
1209
1204
1200
1199
1196
1193
1188
1185
1184
1183
1181
1178
1173
1172
1171
1170
1169
1164
1163
1162
1161
1160
1159
1158
1156
1155
1154
1150
1149
1148
1146
1145
1144
1143
1141
1140
1139
1138
1137
1136
1135
1134
1133
1132
1131
1130
1129
1128
1126
1125
1124
1123
1122
1121
1117
1116
1115
1114
1113
1112
1110
1109
1108
1107
1106
1105
1104
1103
1100
1099
1098
1097
1096
1093
1092
1091
1090
1089
1088
1087
1086
1085
1084
1080
1079
1078
1077
1076
1075
1073
1072
1071
1070
1069
1068
1067
1066
1065
1064
1060
1059
1058
1057
1056
1055
1054
1053
1052
1051
1050
1049
1048
1047
1046
1044
1043
1028
1024
1023
1020
1019
1016
1015
1014
1013
1010
1008
1004
1003
1001
999
998
996
995
992
978
977
976
975
974
973
972
971
969
966
963
958
957
956
952
951
950
944
943
942
941
936
935
934
928
927
921
914
913
905
898
893
890
889
887
882
881
877
876
871
870
869
868
862
861
860
851
850
848
847
846
845
844
843
842
841
840
839
838
837
836
835
833
832
831
830
828
827
826
825
824
823
820
819
816
815
806
805
802
794
793
792
791
790
778
777
756
755
750
749
745
737
736
733
732
731
730
729
728
727
726
725
724
723
722
718
717
716
715
714
713
712
711
710
709
708
707
706
703
702
701
700
699
698
697
696
695
694
691
690
689
688
687
686
685
684
683
680
677
676
675
674
673
672
669
668
665
664
663
662
661
660
653
652
651
650
647
646
645
642
641
640
639
638
637
634
633
627
626
623
622
618
617
614
613
611
606
605
602
601
598
597
592
591
589
588
583
582
555
554
551
550
547
546
541
540
539
538
529
528
523
522
486
485
484
483
472
471
470
469
468
467
466
465
464
463
462
461
460
459
458
457
456
455
454
453
452
451
450
449
445
428
408
407
405
404
401
400
392
391
380
379
374
373
369
368
350
349
347
346
345
344
343
342
341
340
339
338
337
336
333
332
330
329
327
326
324
323
319
318
316
315
311
310
307
306
302
300
299
298
296
295
293
292
290
289
288
287
286
285
271
266
262
261
256
255
253
247
246
237
236
235
228
227
226
223
218
217
216
209
208
207
205
204
203
202
198
197
196
192
191
190
189
188
185
182
181
178
177
161
160
155
154
153
152
150
149
146
145
144
143
142
141
137
136
134
133
132
131
126
125
122
121
115
114
108
107
102
101
96
95
91
90
84
83
78
77
10
9
8
7
6
5
4
3
2
1
7739
6416
