6929
3418
3419
4676
3697
4098
7265
8116
4099
4568
207
223
189
185
181
191
646
601
591
582
613
668
602
592
583
202
196
614
647
669
1086
1079
1072
633
622
1090
188
1112
1087
1080
1073
634
623
1091
1128
597
1529
1522
1513
1103
1096
1113
1537
182
1129
1104
1097
1530
1523
1514
598
1538
1567
588
1585
1555
1544
1941
1937
1932
1946
9271
1084
2659
1568
589
1556
1545
1586
2373
2366
2363
2376
1085
1954
1950
1935
1077
2374
2367
2364
2155
2377
1525
2386
2383
1078
2923
2840
2837
2926
2463
1526
2387
2384
2924
2841
2838
2260
1518
2927
2464
2930
2928
2013
1519
2931
2929
7
2025
8
2922
9399
4784
391
9401
392
9268
4783
4265
9255
4252
9269
4251
9400
9256
4782
4253
7399
7379
2380
7432
7430
2381
7389
7395
7390
7391
7385
7415
7388
7376
7402
7410
7381
7416
7401
7398
7417
7382
7406
7414
7427
7459
7403
4988
4987
7433
7431
7404
7377
4977
8336
8332
3279
7428
8334
8331
9402
8356
4749
9260
8400
8347
9266
9257
7396
4813
7384
9258
4266
4263
7412
4257
7405
4814
4261
9267
4262
3284
3250
3293
3288
3285
3306
9259
3492
3489
3172
3649
4264
3776
3767
7397
7413
2277
2278
3104
3756
3631
2839
3103
2914
3639
3646
7400
7378
2915
7426
7425
3026
3027
3094
3440
9265
9264
4260
4256
7394
7408
8329
5038
7458
7450
7505
7440
7511
7503
7444
7436
5068
9688
9689
5041
8354
5039
8344
7585
7588
9708
5069
8394
9678
8374
8414
7572
7583
8391
7555
8434
7596
7547
7616
5067
5059
7567
7577
7461
7473
53
7481
7478
7474
7470
7462
5047
8337
7487
7512
7475
7452
5036
7445
7499
7515
8342
8339
5064
5024
5077
5063
45
9693
8364
7557
8376
5076
5062
8348
514
9692
42
7582
5037
7576
7581
7575
7604
7610
9713
9702
5073
5061
8380
7573
7580
5070
5060
500
7467
7492
8359
8398
5058
9682
5057
7501
7494
7484
7468
8333
8358
7457
5042
7437
7507
7497
7443
7456
7434
7449
7500
7491
7442
497
7483
7502
5056
8365
385
7571
7579
8330
7504
5065
9695
9683
7465
7486
7569
7578
7455
9690
9684
7559
7448
7513
7441
7566
7496
7495
7488
7477
7466
7476
8411
7463
7479
7564
7598
118
7489
7485
7480
7472
7464
8377
8338
8353
8343
9685
8370
8384
8352
8341
5053
412
7562
5111
55
5050
8436
7609
7615
7498
7471
8355
7490
7608
7614
9707
54
7454
7447
9712
7549
7510
7438
9704
7493
7469
8335
7482
8351
849
7453
9691
7446
5066
7506
7435
8373
8392
406
8372
8390
7590
7607
7613
8346
9686
9711
8363
9680
8368
8381
9705
47
9699
7541
119
7560
8340
9687
8366
8388
46
7558
8378
111
5112
572
8362
7618
8350
516
8397
9696
9679
44
8349
515
9700
8413
7606
43
7612
7570
7554
9709
9703
7568
7553
7605
7611
559
7603
9701
9706
7602
8386
8371
8389
8402
8387
8383
502
8361
7565
8396
9694
501
8360
7595
8399
7601
112
8441
9681
8440
8385
7594
499
8369
498
8401
8439
8367
8412
7563
7552
7546
7593
7545
7561
7600
8382
7599
7623
8379
7622
7544
5018
8357
8438
7451
5040
7509
7514
7508
7439
7551
8437
7592
4989
7621
7550
7591
9697
5071
7543
7542
8345
5019
7620
5113
7619
7586
7589
8395
9710
8375
5072
344
9698
5114
7574
7556
7584
8393
345
7597
8435
7974
7967
7548
7617
1176
1177
7968
7531
9487
9483
9547
9543
9535
5107
8487
9766
7522
7538
9551
5108
5115
8421
7530
5116
8510
7527
7528
7516
7526
7524
8427
9531
8424
7529
8425
8415
8423
8422
8486
8426
7523
9488
9484
9548
9544
5103
5104
9552
9536
7536
7537
7517
7532
7535
7533
8431
8416
8432
8428
5109
8430
7520
7539
5110
59
7521
5117
8419
7966
8420
5118
7518
179
8417
7519
180
7525
8418
621
444
7534
5105
911
5106
8429
912
158
8403
1553
9714
159
1554
9532
175
173
167
577
2044
165
8443
162
176
174
6505
168
355
1310
166
163
612
600
7375
590
1311
581
7429
440
6615
903
896
578
183
8408
885
7253
1504
221
50
49
48
878
904
897
9719
874
5698
184
886
1505
772
505
504
503
5699
432
8405
879
1542
352
837
1535
875
16
632
8409
8407
1527
2030
9638
9041
9037
9049
9033
9716
9637
9025
15
9641
9636
855
1520
8410
9634
1543
1536
9720
448
1511
9718
8406
8449
838
919
1528
9045
447
9029
9042
9721
9717
2010
1521
2041
2039
9038
9050
1512
9034
1153
9026
9021
920
2036
8897
976
6875
9639
8808
8461
8464
9635
14
2033
2032
8458
9656
1565
353
7246
8442
6369
9628
9046
8455
8404
6392
446
9030
6334
8452
7963
1566
9022
201
9057
72
1712
9715
9642
9629
7960
8444
7252
7250
436
6387
2115
2047
7249
348
734
9127
8895
1147
6844
9058
9519
7965
9111
9527
7248
5221
5219
5217
5223
5145
5227
5147
7247
982
6384
8485
9263
8446
6415
9529
9521
1063
74
1157
6336
6585
1825
4360
5222
5220
5218
6885
5224
5146
5228
5148
6496
5215
6661
6790
75
6463
8880
7010
6847
6662
6407
7254
7958
6843
6413
6894
5296
5292
5288
5284
8167
5300
8448
5169
5302
5173
5216
5700
6845
17
6726
8794
8789
8785
8781
8777
8081
8971
5701
7977
8773
1142
7016
8804
9725
9740
9724
9739
5297
5293
5289
5285
8460
5301
7973
5170
9017
9735
9736
9737
9738
5303
5174
8450
6947
8769
7962
567
9069
1127
8463
8457
1269
5741
5330
1095
9533
7103
8454
9128
6389
8451
20
1213
9489
9549
9485
9537
9545
9112
6507
6352
7061
5429
5428
5427
5426
8878
5430
5344
5431
5345
6367
5742
9645
7109
9001
8465
8462
21
351
8881
7803
7127
7804
9655
8765
9741
7811
7808
7806
9004
5331
8954
8459
7812
7813
7802
7256
6391
9677
8869
8874
981
1308
5489
5487
5485
5483
5491
5416
5493
9070
9133
5419
9018
8456
6341
8453
9094
7268
9102
9090
9086
9078
6370
82
9651
961
9553
1309
5842
5841
5840
5839
5838
5837
5836
5835
9126
7277
5362
9653
9650
9649
9647
6386
8955
9098
9082
6420
542
8722
9530
962
8445
9661
8750
9522
5490
5488
5486
5484
5492
5417
5494
5420
7961
8810
8809
8876
9095
1827
291
543
6337
9103
9091
9087
9079
8893
9672
5432
8870
984
9660
8942
552
8961
983
6347
8447
151
9490
9550
9486
9546
8930
8856
8883
553
9538
9652
9648
9666
6326
9528
8959
9520
5433
8840
9671
7784
8868
8943
8962
3012
8836
9099
9083
989
6388
5735
9675
8759
8931
901
7906
7959
8734
7964
1711
7897
9772
3013
8793
9534
6461
1807
6397
9554
5736
8795
8790
8786
8782
8726
8698
902
8778
5806
7971
8884
8857
6464
7801
6583
2999
8774
6351
9668
7745
8841
6586
9164
6688
8751
8752
2584
8798
8806
8805
9143
51
6787
81
3903
6338
8871
9352
7956
6791
6486
6417
3189
8956
68
67
66
65
5834
8270
64
6521
8770
4707
6545
6891
9106
6366
382
8723
6895
4714
8724
9654
513
512
8891
511
510
8957
8872
6705
4621
9073
509
8926
195
6223
9160
7013
63
4754
6345
6331
7908
4592
8196
7060
7100
6350
6343
6330
9354
9360
6943
7007
6329
6344
7017
6224
6942
56
9156
9152
7006
8654
9139
9135
9122
9118
6858
9107
4755
9053
9061
854
797
3390
7754
556
5843
5747
3471
3469
3467
3463
3459
3451
3445
3394
6941
1249
7005
4685
4696
7355
9358
8993
8997
508
6547
7920
6339
3904
8760
8761
8858
6327
9496
4809
5844
5748
9350
9356
6587
6584
6581
9633
9631
8736
9640
5832
8970
8958
8946
9157
9153
8944
3391
9353
9359
9140
9136
8753
4733
4742
4668
3472
3470
3468
3464
3460
3452
3446
3395
3075
9119
9123
3079
2891
2883
2877
2871
2866
2860
2848
6596
6593
6591
6600
6963
8838
8164
8658
5945
5849
8950
7128
4158
3905
3689
3684
3681
3676
3671
3664
3657
9165
8842
8885
9054
9144
9062
7142
7141
7140
7139
7138
7136
7134
7129
6552
6940
6582
6604
9129
7004
4810
3188
9349
9351
9355
9357
5833
8728
6700
6590
6551
8200
9114
8932
9559
7059
7057
7055
7053
7051
7049
7047
7090
8811
5946
5850
9398
9397
9403
7089
8994
3076
8963
3080
2892
2884
2878
2872
2867
2861
2849
9006
9435
8980
8860
9262
4159
8754
9407
3349
3342
3333
3326
3321
3316
3311
3196
7987
8960
8945
389
9254
6857
6727
6697
8998
9646
3894
8710
9166
9145
9405
9409
9404
9408
6458
9130
4082
6472
6471
6470
9393
9411
9415
9423
9427
6468
6427
8972
8211
9309
6348
6467
7988
9115
8933
9276
8859
9280
8908
9558
9556
8947
6239
6238
6237
6236
9442
4083
3895
3708
8964
719
8758
9437
8886
9270
9441
4146
4116
4115
4112
8730
7933
7932
7921
7931
397
9395
9412
9424
9416
9428
3709
9074
8843
9557
9007
7070
8206
9148
6474
39
38
8718
37
9249
36
8981
6939
9310
7783
1593
1453
1446
1438
4162
7810
5930
5915
5914
5913
7003
387
7807
4193
7805
7854
7793
7853
7791
7852
7789
4224
4222
4220
4218
4216
4214
4212
4164
7307
6466
7864
7809
7188
9134
9436
9277
9443
7133
967
1484
1478
1471
1460
3638
4163
1548
1427
1421
1417
6233
6232
6231
6230
6229
6228
6227
6226
6225
9250
6404
482
481
480
7318
4225
4223
4221
4219
4217
4215
4213
4165
395
8766
6832
479
8763
1489
4355
3190
8764
6685
6689
4736
8799
810
753
388
7317
7305
7304
4357
4309
4304
4299
4292
4281
4280
4273
7303
7302
8816
7075
7301
7919
7918
7917
7916
7915
7914
7913
7912
7911
7300
8735
8807
8746
7298
6877
1816
6690
6368
6403
7297
8900
9438
6406
6405
6401
6399
6396
6395
6394
7393
7392
7387
7386
5951
5950
5949
5948
5947
5900
5899
5898
5897
968
7796
7795
7794
7792
7790
7788
7787
7786
7785
8725
6853
3191
6675
7670
7423
7421
7419
7418
6402
6851
9664
8309
8762
4737
396
2856
3900
3897
3679
3674
3669
3662
3655
3653
3651
8909
7306
8197
7293
7292
7291
8727
7290
964
959
953
7289
4993
4992
4991
4990
8852
945
6501
7750
7747
2445
6244
7260
7198
7137
7288
7094
8973
7001
2857
1707
7299
9474
8662
8837
3901
3898
3680
3675
3670
3663
3656
3654
3652
5045
5043
5034
5032
8008
2446
6245
7275
7953
4389
4258
4090
3642
3221
4153
4152
4151
4150
4149
4148
4147
4108
4106
9261
7948
3177
6436
6435
6434
6433
6432
6431
6430
6437
6438
7173
6408
6465
6393
8738
965
8896
960
6497
5046
5044
5035
5033
954
2825
6246
946
7227
7226
7225
7224
7223
7222
7221
13
6422
4356
4354
4352
4351
4350
4349
4348
4347
7189
7220
3222
35
4390
4259
4091
3643
6850
2826
1708
6247
5933
362
5090
5088
5086
5084
3178
1744
1722
1757
7158
7157
7156
7155
7154
7153
7152
7830
7151
3539
7831
6346
5091
5089
5087
5085
7832
4571
4407
4293
4113
4109
4107
4105
4104
4103
4102
4097
4096
5934
8861
1745
1723
1758
4157
4132
4130
4128
7833
3667
1703
1699
1693
3540
7834
8076
1689
7704
7703
7705
7706
9100
9084
7126
7835
7125
7836
9104
9092
9088
9080
7837
7838
7882
7881
7880
7879
7878
7877
7860
7859
7858
7857
7856
7855
8873
9096
7873
8219
7872
6729
6686
6680
6677
7871
4572
4408
4294
5954
4114
7870
1853
1857
1855
8666
12
7869
7888
7876
9479
2006
9475
9523
7868
7124
3668
9515
7951
7946
7945
478
7867
7866
7865
9511
7107
7123
7063
9569
8243
6953
5917
5905
5903
5901
5813
5785
5784
5783
6848
7887
7875
6670
5955
1854
1858
1856
4638
4540
4367
4243
4172
4168
7259
7196
7135
4018
7092
2580
2486
2482
2478
8529
8800
9389
1704
9381
6999
1700
1694
9385
9377
9361
6134
6060
6504
4166
1690
6873
4639
4541
4368
4244
9507
9369
9345
4019
5920
6132
6058
4173
2007
9373
7885
4169
7892
7891
7890
4385
7943
7939
7942
7941
4254
2581
2487
2483
2479
4084
3634
9568
3173
6135
6061
4167
9063
9124
9141
9158
8999
6459
6455
6453
6451
9177
6449
3107
6447
8670
9539
4345
7886
7874
6133
6059
6503
4343
9097
937
5921
9365
3101
3040
3035
3031
6110
6102
6445
6100
4386
6098
4255
9105
9093
9089
9081
7130
4085
6301
6303
6299
6297
3635
6148
6096
8737
4341
7081
3174
4895
8832
2585
6414
6325
3108
4346
7147
6772
4344
9181
6146
6094
3102
3041
3036
3032
6130
6056
9221
9209
9169
6874
9205
4569
4405
4282
6111
6149
6097
6103
6101
7692
9159
6099
9201
4110
9142
4342
9185
4978
9125
6302
6304
6300
6298
7104
4210
7148
3660
7150
7149
9064
4377
4375
3199
4915
3150
3148
3146
3144
6147
6095
9233
222
2677
7105
8848
6170
6142
7106
938
4570
9225
4406
8729
4373
4283
6131
6057
4111
6162
6158
6154
6152
2586
3661
4378
2831
6309
6311
6307
6305
4376
164
9341
4211
9000
3151
3149
3147
3145
9217
9101
9085
3200
6168
6140
7954
7972
6938
6171
6143
2639
4374
4636
4538
3910
7002
9305
3453
4365
3091
4241
2647
2633
2626
2613
2589
2678
7264
7263
7262
7244
6163
7064
6992
6985
4016
6159
6155
5987
5986
5985
5984
5983
5982
5976
5975
5974
5973
5972
5971
5970
5969
5968
5944
5943
5942
5941
5940
5939
5912
5911
5910
5909
5908
5907
5906
5904
5902
6144
6092
6153
5000
6310
6312
6308
6306
7131
6169
6141
3501
2832
4358
9769
4637
4539
4366
4242
8917
7144
6785
4017
7952
7166
9197
7947
6172
6178
6176
6174
1679
6145
6093
6323
6317
6321
6319
2852
7170
7164
7162
7160
2122
3502
7132
6444
4506
4403
4401
4399
7726
4359
3203
6795
3911
3454
3632
3291
3248
3092
6793
6789
5001
2590
6173
6179
6177
6175
865
6324
6318
6322
6320
6786
8818
6166
6138
2853
4371
6799
3004
3204
7976
4507
4404
4402
4400
2643
2620
6425
7625
7634
6797
7624
7633
7629
7630
7631
7632
2640
6167
6139
7146
9154
2123
9137
9120
9055
3633
3292
3249
9193
8910
3114
8995
2648
2634
2627
2614
6892
9626
8839
1680
4372
9663
4094
6886
3647
8948
3179
6619
2833
3503
3005
6881
522
7168
7161
8711
4590
4580
4577
4574
9237
7701
8982
3115
7693
7707
9189
6855
6734
6732
8952
3504
4121
3829
3809
3152
2895
6900
2881
312
257
249
240
2244
6502
4591
4581
4578
4575
4095
3648
3180
2869
2834
9155
9138
9121
62
3153
9056
9241
8927
9245
7975
8996
8862
8817
4122
3830
3810
4646
4644
4642
4640
2896
2827
2416
2393
2882
9333
2644
2621
2986
2907
4899
4898
4897
4896
4894
4893
4892
4891
8484
6960
6958
2991
2980
2973
2967
8918
2870
2245
383
386
443
439
435
431
377
370
363
360
354
113
105
99
94
87
80
381
8949
9297
7708
7713
313
258
250
241
7731
4647
4645
4643
4641
6957
6846
390
8983
4986
4985
4980
4979
4976
4975
4974
4973
4319
4179
4170
69
6731
3267
3908
6896
3447
9502
3246
3085
8934
523
2908
2578
7729
2828
2417
2394
3232
9173
4926
4923
4916
4912
4909
4908
4907
4906
2120
7957
8678
8911
70
6354
8002
6364
7041
7040
7039
7038
7037
7036
7035
7034
7033
7032
7031
7030
7029
7028
4320
4180
4171
7027
7045
393
7044
3268
7043
3247
7978
821
779
774
770
1796
3282
8898
2899
8690
3233
7042
7076
5722
3219
2993
2964
5547
5543
5539
5535
5551
5514
5555
5518
9560
6909
6908
6907
6906
6905
6904
6917
6916
7724
6915
3909
3535
3533
3531
3529
3527
3525
3523
3521
3519
3517
3515
3513
3511
3509
4363
4247
4245
3507
3547
3448
417
413
410
139
3545
507
6914
3567
3086
6524
3543
2987
52
5016
5014
5012
5010
5006
4998
4996
4994
2850
3565
2579
7101
2989
2970
2992
2981
2974
2968
7884
7883
7799
7755
9213
2121
6913
3563
3541
8712
3283
6349
2900
3536
3534
3532
3530
3528
3526
3524
3522
3520
3518
3516
3514
3512
3510
4364
4248
4246
3508
3548
9229
3546
3568
6423
3544
6971
3566
3220
2994
2965
822
780
775
771
6784
6921
9077
9110
1263
1261
1256
1252
8145
1797
3564
3542
2072
3561
5723
1247
5548
5544
5540
5536
5552
5515
5556
5519
5017
5015
5013
5011
5007
4999
4997
4995
8144
4088
3640
3175
6104
6026
6762
2829
3275
7702
6769
418
414
411
140
3160
7722
3740
3416
3400
2683
1264
1262
1257
3562
1253
2851
1248
6912
7251
7174
7121
8610
8575
7062
7019
2073
6951
746
768
738
3161
2130
2081
2078
2076
3276
2165
3485
6105
6027
7839
9627
7863
5810
7862
6950
5581
5580
5578
5577
5582
5557
5583
5558
1356
7861
1354
1352
361
1826
1752
1748
1746
1350
3741
3417
3401
4089
2990
2971
3641
3490
3483
3481
3477
8731
3176
8021
1348
7798
7753
2830
6884
747
769
739
6887
8031
7938
7934
7937
7936
2684
2568
3559
6889
720
563
560
557
4508
4335
1357
1355
4160
1353
3827
1351
3213
3380
3936
3571
3569
6160
6108
1349
8039
3378
8143
8037
8035
5916
5627
5626
5625
5624
5628
5584
5629
5585
2166
6492
8033
3560
8879
6537
9149
8596
2569
8593
6535
3937
3572
3570
8592
6578
8591
6533
4509
4336
4161
6161
6109
1118
1220
3828
2889
3214
8650
8649
8651
8648
3381
6462
6531
8044
8686
8041
8609
8573
7677
7700
7676
7699
7698
7696
7695
7694
7840
6529
721
564
561
558
3379
2815
3486
358
6527
6920
6164
6136
3491
3484
3482
3478
3487
3479
9562
6522
4605
4510
4339
9325
7720
3095
4177
3723
3844
2890
6519
2816
6620
6622
3840
9293
6515
3158
6165
6137
8719
6625
8242
6888
384
31
2911
30
6755
8245
8241
8240
8236
2918
2916
8513
29
6767
6750
6746
6737
263
8472
8471
8470
8469
8473
8466
8474
8467
6494
4606
6333
4511
2920
4340
28
4178
3724
3845
6628
3259
3159
27
3841
359
6760
6742
2904
147
2909
573
494
4648
493
4566
4379
4249
8863
6949
492
3944
2887
4074
491
3821
8938
3260
4072
6528
6523
6520
6516
6513
6512
6511
6510
6509
6493
6491
6490
6489
6488
6487
7407
7420
7409
7422
3825
3819
3817
3811
8244
8239
1280
3096
490
3488
3480
4649
4567
4380
6911
681
4250
3945
6632
8922
9150
4075
4393
1259
1254
8819
1250
7313
1245
4397
4391
4387
4381
7296
7315
7312
7311
7309
1240
6988
3557
4073
2912
2888
3376
2919
2917
2921
1235
7540
148
7009
8045
7271
1260
1255
8112
8068
8065
2074
2070
2068
2064
2060
2058
2056
2054
2052
1991
1986
1981
1977
1972
1970
5002
5020
5004
1251
5022
2370
6412
1205
1242
1246
6332
6559
3558
6390
8656
8660
6469
1241
2905
26
2910
3257
4686
5720
682
5545
5541
5537
5533
5549
5512
5553
5516
1236
1338
3377
1336
1334
6358
1332
4395
4383
3822
7460
1330
1243
4394
5101
3265
3826
3820
3818
3812
2075
2071
2069
2065
2061
2059
2057
2055
2053
1992
1987
1982
1978
1973
1971
5003
5021
5005
5023
7314
7310
6724
4622
6899
4398
4392
4388
4382
5721
5546
5542
5538
5534
5550
5513
5554
5517
7008
1339
1337
1335
1328
3823
3813
8844
489
1333
212
3258
1331
2371
8029
4687
3838
1206
3286
1346
3280
3277
1329
3273
9075
979
5074
2570
2566
2564
2558
2554
2551
2549
2543
2539
2467
2465
2459
2453
2449
2443
5048
5025
5051
5027
5102
9108
3555
4623
1228
2901
6674
1347
3192
3294
6683
9625
6634
3839
3289
4740
4396
4384
6673
4615
6429
4619
4613
4611
4607
213
3556
2571
2567
2565
2559
2555
2552
2550
2544
2540
2468
2466
2460
2454
2450
2444
5049
5026
5052
5028
6672
1229
5121
2913
3266
6636
5075
1832
79
4660
4070
6671
980
8004
4741
3193
273
3824
3814
6714
6740
3287
2809
2807
2805
2803
2801
2799
2797
2795
2793
2791
2789
2787
2785
2783
2781
5078
5092
5080
6669
5094
1326
3281
3278
6679
5122
3097
4071
3274
1476
1469
4661
7352
6849
5098
6663
7088
7073
7072
7071
7067
7066
7065
7087
7086
7348
7085
4743
7084
6668
1327
4616
4617
4609
2066
2810
2808
2806
2804
2802
2800
2798
2796
2794
2792
2790
2788
2786
2784
2782
5079
5093
5081
5095
7350
3295
4620
4614
4612
4608
3692
3227
1833
2902
9481
1509
9477
3290
9525
6443
9517
5123
1458
1443
1436
9109
4708
7082
4744
5099
274
8005
7991
7989
7354
9513
364
4774
2067
4762
3693
5124
4709
6359
1450
6362
9378
4770
9366
1510
9386
9390
9382
5119
3757
6807
6810
4618
4610
2212
9116
1167
9131
9008
9146
9167
6814
4064
8974
3098
4778
6605
4775
6817
6711
4763
5120
7180
6752
8700
3296
2213
4771
785
704
1901
4065
2490
6499
7012
8854
425
3758
9497
743
9541
6819
7079
9374
9370
4807
9076
4779
4799
8526
9168
1902
9147
4803
9132
9117
7015
705
7353
6667
4118
3211
9321
6708
6659
6655
6651
6648
6645
6642
6704
6702
6879
6699
4808
9009
4800
4815
6696
3255
8713
9289
5731
6609
4804
6613
6823
259
3297
2491
4875
4119
4871
2524
2441
2439
2435
2432
2428
2423
2517
2514
2509
6821
6902
7950
4776
6693
3212
4816
9509
6919
2505
6861
2206
4873
2607
2238
5732
8853
8544
1168
4876
7178
4872
8207
8902
6880
8194
8142
8111
7740
6623
6637
4337
6411
4869
8052
2525
2442
2440
2436
2433
2429
2424
2518
2515
3156
2510
2207
4874
2239
2498
5763
3712
6641
260
2506
6876
4777
8975
6626
3256
6409
2995
8051
4870
6473
3157
4338
6868
5764
2499
3713
6773
7797
7752
4811
7205
7202
2608
4361
2368
7201
7214
2843
186
7208
7213
6766
3942
6629
7020
7688
7689
7690
7691
4362
2369
4812
7207
2996
773
6691
3943
4276
4269
2844
4267
7083
6410
4302
9016
4286
4867
4300
8608
8572
2671
2553
2961
4284
2496
3215
4868
4277
4270
6811
4268
6824
7217
4303
6779
6815
6775
3924
6828
187
4287
3420
4301
2672
7108
7143
2497
6818
3216
7080
4285
6826
4433
4423
4413
4472
7204
4310
3925
2962
4448
7078
8282
301
8740
4470
7363
6660
6656
9413
9425
9417
6640
2846
9429
6931
6649
909
3537
6647
6644
6897
6893
6890
6839
6652
6608
6612
4446
4434
4424
827
3421
6809
4414
6639
4473
9311
3920
4449
6653
3538
6946
4092
4471
6910
7814
7764
2847
4274
4311
9444
7077
2204
6722
6720
6718
6716
6713
6712
6710
2236
6706
9278
4552
4550
4839
4548
6650
4447
4556
8205
7026
4725
8204
6820
6764
6758
6753
6748
6744
6739
6743
9414
9426
9418
9430
6835
3475
4554
6738
6837
6827
6842
6840
4546
8714
6831
3112
6836
4093
3921
6646
2205
2237
6838
4553
4551
9151
3831
6633
7011
4549
4494
8173
8172
8171
8170
8169
8168
8181
8180
8179
4557
6379
6378
6375
6376
4275
3354
9439
6549
7351
4544
8178
2541
2537
2535
2533
2530
2528
2526
4555
2521
6878
4840
356
9312
4547
8594
8561
3113
6664
8882
4237
2673
2669
2666
2662
2657
2651
2655
3217
2649
6834
4086
8177
4545
4726
9222
4495
9253
9206
9210
9170
910
9182
9445
4431
3476
6745
2542
2538
2536
2534
2531
2529
2527
3209
3355
4238
2522
6353
9279
3832
7243
4900
4772
6883
7261
6749
8887
2674
2670
2667
2663
2658
2652
2656
2858
9371
8864
2650
4087
4558
357
6540
7949
3218
6926
9186
9202
242
888
880
9387
4432
4780
3834
4901
1102
1000
3210
4559
9391
4235
8834
4226
4773
1
3805
9440
2875
2859
828
3729
4542
7281
7279
7278
7276
7274
7273
7272
7237
7235
7233
7232
7231
7229
7230
7270
6930
7228
4933
8295
3835
4236
19
8297
8294
8293
8291
1195
8176
4781
3700
7992
6372
4543
243
4805
8812
997
1002
8265
8264
8263
8262
8261
8260
8259
3730
4934
3223
8258
8253
8252
8251
8250
8249
8248
8247
2876
6730
8951
4076
3806
8246
2337
4760
8082
22
8083
6782
4768
4758
4756
4750
3701
6805
4806
4078
8257
8085
4077
3224
8296
8292
6556
8672
76
3238
8668
9383
4761
3940
8901
302
4079
3300
8050
4769
4759
4757
4751
4865
8664
3302
2338
3551
8087
8089
3307
8254
4764
4752
3239
3941
7023
6822
4793
7672
4866
4797
4791
4789
4785
3301
3552
3303
9363
3049
6687
752
9178
3312
3308
4794
6933
7219
3553
2
4765
4753
6936
4798
4792
4790
4786
18
6927
3601
6554
6808
809
6382
3603
6356
9431
8706
3554
3050
7021
8846
6380
6377
9419
3605
9347
9226
2492
4795
4787
3313
8936
9162
3602
9161
3604
8090
8889
4314
6498
3606
7000
3170
4796
4788
6965
9317
3607
2493
8702
8694
9071
9285
9506
9555
8682
10
8674
3317
3171
1806
1798
1792
1788
1781
1774
1768
1764
1762
1681
1672
3608
4315
6597
231
9187
9211
9171
9227
947
955
7099
9223
7058
6866
9207
9203
6922
3318
6666
8756
7024
4502
3609
6923
8119
8218
8802
2457
4503
9495
3610
9175
7216
6579
6681
4532
3725
4514
9183
8175
8748
8747
9199
2458
790
8185
8193
4533
4307
9072
8092
9023
3726
4515
8055
9179
25
8056
238
9027
3000
8217
9031
9379
3966
4564
2488
9035
3322
4308
9039
8094
6898
9043
488
9047
281
3001
9051
3967
6864
4565
7172
7200
4512
6830
6801
6934
3323
6635
4492
284
3164
3327
1223
3020
6841
3024
2489
6812
34
4513
3611
9394
3165
791
6816
4493
1224
3328
3612
4562
2601
7682
7684
7685
1324
4530
3573
8014
4563
9024
8024
9396
1325
6806
3021
4531
6550
3574
8680
6903
3025
860
8238
6580
2480
7187
7186
7183
7181
7177
7175
8692
7734
7723
9028
9032
7735
7725
477
7122
7120
7117
7115
7113
7111
9036
2481
9040
9044
9048
9726
8215
9343
9052
9010
8023
3398
798
9247
2813
3402
6506
2602
9388
9622
2814
9307
9372
6440
9392
421
402
3399
423
309
3403
929
371
8655
8732
8855
861
23
9234
8919
6757
9218
8084
8095
6665
8099
6803
8122
8086
305
2958
9384
3304
5392
3329
6948
6901
799
206
6558
3340
6802
8688
106
9235
6882
3732
930
7652
3309
267
8468
7668
7651
7667
422
7098
3305
8716
8715
3330
7663
7664
7665
7666
8866
7056
210
3341
424
795
3372
3733
800
3310
3617
3613
6804
8088
7210
6676
156
3615
7986
735
2137
8749
8814
3968
6825
3618
7212
3619
3614
7955
3373
7349
3616
3969
6607
6611
3314
3620
1670
9606
7209
2959
8013
4290
8010
9767
3836
4297
8890
2202
2234
3315
4766
2138
7648
1190
607
2203
8755
2235
4291
8183
4288
8953
3837
8191
3621
619
8699
4298
5155
4767
5666
5393
3622
4068
1671
4458
6736
4289
8767
5559
796
8771
4468
308
157
8775
8796
8791
8783
8779
8787
4069
801
9504
4801
8888
7206
8110
8108
8098
3473
7944
4459
7211
211
8104
1804
8717
8103
7199
8101
7171
4456
8106
6778
4469
6918
4802
4536
3848
3374
3368
3338
3356
3850
4528
3352
3347
4278
4457
3154
608
4295
3362
4863
4537
6813
620
6424
2685
6457
3849
4529
3155
3375
3369
3339
9380
1191
4526
1805
8105
6657
3357
4864
3851
3353
3348
3363
4279
8102
8659
4296
3952
4527
3587
8097
3585
3589
8136
3581
3954
3593
3591
2686
8091
3583
9212
3358
9172
272
3474
3953
8107
9224
3588
3586
3590
9208
3350
4440
3582
3955
3594
9188
3592
8235
4466
3584
3336
3772
2172
5156
8483
33
9313
2864
3359
9281
1179
926
908
3319
9204
5560
3364
9059
3351
9335
4441
9012
6643
7985
1278
4467
3337
3773
3595
8708
8707
8213
2865
1283
3320
100
3579
4524
58
3365
4518
3596
2173
32
3575
3990
314
9299
3120
3623
3580
4525
4519
3597
3576
3991
219
3799
220
3121
3624
6561
9375
3598
9219
9184
476
8903
8797
8792
8784
8788
9239
8780
8174
8776
7730
8850
97
9228
8772
6426
103
7757
1279
8657
8768
763
762
759
754
751
748
744
740
1284
7145
2141
1180
7159
9644
6557
6485
6482
6484
6480
6478
6476
9060
6602
6598
9215
5324
6594
8132
6560
8701
3800
8894
475
98
8502
9191
104
6982
6976
6972
6967
6954
6952
4316
1201
8503
517
6765
6759
3761
6754
2142
922
7362
7361
7360
7359
7358
7357
6621
6624
6627
6630
7356
7374
7373
7372
7371
7370
7369
6385
7368
1454
7367
7365
7364
7366
7218
6371
4317
3762
3455
3441
3434
3430
3388
3384
1464
8709
2086
866
520
7097
317
8053
9019
3974
764
8663
7054
4504
8733
120
3456
3442
3435
3431
3389
3385
232
4312
3975
71
915
8849
8135
4505
923
867
7215
3930
3926
3918
3914
3858
3852
521
575
4313
1455
8928
4534
3770
1465
3010
2087
9765
3931
3927
3919
3915
3859
3853
8979
9570
4535
8661
9722
4305
4500
3771
1017
9020
1021
4012
4008
4004
4000
3998
3996
1232
1237
916
3976
4501
4013
4009
4005
4001
3999
3997
1664
4306
6800
6798
6796
6794
6792
6788
6735
6733
6618
6616
6614
61
7990
3977
1238
1018
4522
3011
1022
8182
375
4490
4523
1344
8190
9163
803
9180
9113
9195
9011
1345
320
1779
993
4491
1786
1660
1665
239
8480
8497
8479
1233
4520
8496
3392
576
574
571
570
569
568
566
565
562
8720
9243
1780
8495
7197
7169
1787
4521
5630
6562
2128
6944
7893
8667
6833
2131
6500
365
1661
9231
1726
8552
8538
3393
2129
506
376
2132
282
279
269
251
233
214
5616
8554
8539
9194
5643
3833
5614
8494
3298
5641
1728
8059
8058
8057
2934
2184
6475
2145
804
5639
5814
5794
9742
2186
1502
8481
994
8757
1045
2185
5818
5798
1501
8940
2187
8234
3299
2623
2513
1497
5815
5795
2935
9327
8125
1493
1641
1636
1633
1627
283
280
270
252
234
215
8924
5819
5799
1488
933
325
1727
2146
8093
5887
5869
1482
8671
3815
1475
8080
5617
3343
8212
5644
8687
5889
5871
8138
8679
5615
8691
3742
248
3038
3033
3028
5642
5888
5870
5637
9295
1729
9614
5640
8141
8665
3816
3324
5890
5872
5618
670
658
635
615
593
579
9662
3344
2854
3743
3777
548
3938
4174
1802
1619
1467
1433
3325
3781
3549
3970
8543
6517
2855
3939
3778
9376
3225
3550
671
659
636
616
594
580
3625
3971
5657
8133
8042
767
5687
3782
3039
3034
5655
3029
6400
6398
3118
5469
5685
8123
3978
1803
1434
8476
3626
5638
171
5683
5619
6383
3119
3980
3979
7662
7660
7654
7659
1755
3763
2938
1014
532
3734
1594
1581
3981
8669
6638
7203
3226
3764
2939
1998
1995
1990
1985
6421
3735
3408
3406
5658
3404
5688
5656
1595
1582
328
7649
5686
8673
3988
8689
229
3116
8693
8681
1027
4175
4271
549
5684
5604
7655
3982
5681
5606
5608
5659
8892
254
533
8984
3989
3117
2014
2008
3983
415
3497
8875
4272
2015
2009
199
1151
1015
3409
3407
3405
3842
230
9242
9190
2210
2208
9238
1008
5605
5607
5609
172
990
5602
7096
5660
4425
5470
1653
2211
2209
5682
3843
5129
7052
85
5664
3498
5247
200
4426
3946
6563
991
3947
1039
8929
4560
8129
7896
5680
4561
303
6968
331
416
86
1957
3750
6956
2152
8126
1152
268
7673
1230
3751
7905
6771
5692
7671
599
3744
6709
3972
1231
5603
6945
1199
858
5130
8130
1028
6508
2153
3745
3973
1958
1342
5665
6518
1040
5693
7732
7719
9301
805
3984
9337
1343
5248
3752
9236
1225
8528
7904
304
5691
3985
586
859
3753
1226
429
433
426
3986
2455
7903
1340
834
8203
7647
8189
3987
1341
894
1005
1074
8721
8493
1200
1747
1819
8833
3866
3862
3856
7337
2461
6381
806
7902
7347
7346
7345
7344
7343
7342
7341
7338
2456
7340
7339
7325
7324
7323
7322
7321
7320
7319
7195
1006
7167
1834
123
116
109
3867
3863
3857
57
2378
366
587
5391
3960
3958
3956
7759
1766
5631
3961
3959
3957
5520
430
434
427
8139
7901
5635
7760
1828
5632
8877
124
117
7761
110
895
8109
1767
372
7762
1820
7763
3779
5661
7765
7766
8739
6564
7767
9323
5662
367
8232
8824
3370
8820
6340
7716
2462
3780
2124
9630
1835
8703
8695
8704
8696
8683
8684
8675
8676
807
9768
7900
9291
1270
2379
3992
3371
534
530
524
9586
3063
2125
8210
5636
1720
3993
8988
2156
8060
5571
3599
2983
2178
6777
9658
8100
643
3600
654
1829
1721
2668
2665
2661
2654
2646
2642
2637
2629
2508
628
9728
8062
2179
88
6741
2037
1533
535
531
1851
525
9220
294
8563
3345
7899
1852
2157
7894
6694
6962
5678
7711
3346
8564
3042
1271
8565
808
8566
1031
1029
1025
8567
3577
8568
8569
8570
6783
9582
2500
2943
5572
2246
73
5669
3578
7741
7742
7898
7743
7744
2038
89
1821
644
655
9669
629
2501
1032
1030
5203
1026
5679
8916
8121
9616
856
5211
1534
3043
6514
526
5816
5820
5824
5828
6566
5209
3052
5207
5205
6460
7940
2944
1800
1794
1790
745
1439
5996
9670
1738
6548
6546
6544
6543
6542
6539
9673
6617
3053
7095
5600
5817
5821
5825
5829
1735
2247
802
5141
5213
5143
7050
6577
5998
1734
3168
1801
1795
8985
1791
6955
6000
9498
6990
527
3410
1733
6002
6004
5922
5924
5926
3169
2161
5928
1822
6006
6008
2388
6010
1732
893
6987
190
1725
9643
1291
1297
3414
2139
2135
1287
6682
2133
7800
6568
9578
6576
7737
7728
7709
9065
7736
7727
857
6983
1724
1719
138
7935
2116
2109
2105
2102
2099
2095
5923
5925
5927
5929
290
6570
2090
6572
8976
6541
6538
6536
6534
6532
6530
970
2389
6980
2140
2136
2134
5204
5958
5960
5962
5964
1903
9230
437
1440
987
6428
334
1697
5212
7969
6575
3411
2162
1081
5601
6977
5959
5961
5963
2192
5965
2190
794
2188
792
2936
5210
5208
5206
8801
289
2193
2191
2189
1082
3415
2168
6975
1812
1897
2117
2110
2106
2103
2100
2096
5997
6574
8061
9659
1870
9198
1675
1320
1875
2937
2097
2093
2091
2088
2084
2079
6973
8558
1830
1904
8677
8685
8705
8697
1321
988
8054
5142
5214
7768
5144
6970
5999
554
3110
760
1890
1292
1298
605
6001
1288
7646
6573
6003
3111
6005
1761
1698
6007
6009
2169
6011
1431
1898
9013
8576
1415
5653
8574
1871
3044
1876
1883
2098
2094
2092
2089
2085
2080
9572
441
24
9571
7907
7643
419
1926
1906
8027
6571
540
793
7756
9330
3045
1007
8025
1676
438
2119
1891
9273
8478
335
1831
8821
8825
8826
3016
8822
1877
7718
7717
7746
9574
555
6234
6569
5325
5527
761
1101
1884
2107
6038
8482
9770
378
1479
1485
5654
8743
1472
1872
1013
606
5171
9367
127
8744
9674
6235
8835
5235
5350
5348
5346
5528
5239
5151
5243
5153
1432
6040
7644
1416
8923
541
3046
1878
7628
8851
6042
7645
1212
1927
1907
8939
6044
6046
8978
6567
6048
3017
1265
3099
6050
8992
6052
2170
1057
2948
6242
9446
9458
487
8475
9003
442
9450
1873
9454
2148
420
8202
2949
6243
666
8823
8827
60
8188
128
692
8627
1218
3166
6248
7642
7641
5749
8020
1470
1459
1444
3412
8989
5530
1480
1486
1473
5511
757
2171
5531
1219
2163
3167
6249
6565
1088
5326
8912
3396
8022
6039
1322
1632
1683
1674
1663
5172
3870
8500
1323
1483
1477
5596
7165
7194
3100
5236
5351
5349
5347
536
5240
5152
5244
5154
193
6041
8920
3768
9214
3871
6043
1705
1701
1695
1691
1503
7751
3413
6045
8520
9573
8522
8524
8525
5529
2149
5532
2164
6047
2160
2154
1940
1936
1930
1451
758
6049
6051
6053
883
6725
2158
7970
1739
3962
3769
3397
9246
678
3963
595
1887
1709
1667
667
3948
1500
9319
5597
2147
1959
1953
1949
1944
693
537
1089
1617
9587
1496
7895
3949
9575
9583
9579
2545
1492
9287
8913
8914
9584
9588
8741
1174
1487
8049
8231
2159
5425
3244
1960
1931
9610
9580
891
7775
1481
1908
1207
1197
948
1474
194
6156
5245
5241
5237
5352
2546
9576
1611
1466
1456
8209
8096
1033
5406
5403
5400
5397
5409
8583
5328
5412
5329
776
7681
1740
939
931
924
884
9618
6157
1888
6028
1175
3089
7046
6495
1894
992
129
3331
1618
9005
1531
811
9608
92
1549
1034
6182
8571
3090
2582
2360
2355
2351
2345
2335
2325
2313
2469
679
2630
2624
2618
2611
2605
2599
2595
2476
9067
9002
3332
1606
596
1304
8548
8536
1165
7687
7674
7686
3245
1909
8915
2616
2609
2603
2597
2593
2591
2587
2473
5676
7889
6872
6871
6870
6869
6867
6865
6863
6862
6860
6854
6852
6183
5131
3162
2576
2572
2349
2343
2333
2323
2311
2303
2295
3627
9499
6328
1100
917
899
892
9240
9577
3163
6184
1208
1198
949
8742
3628
1809
9433
9581
5808
5786
9421
9594
6185
9746
9744
9745
9743
9585
130
9589
9275
812
9332
1895
6829
8899
5246
9590
5242
5238
5353
5670
8965
5677
9447
9459
93
9452
9456
9451
9455
9196
1550
1202
906
9448
9460
5809
5787
940
932
925
1532
9192
7758
1810
5455
5450
5448
5446
5460
5387
5465
5389
2470
9563
7093
6106
9771
5877
5865
6692
7048
2583
2361
2356
2352
2346
2336
2326
2314
2617
2610
2604
2598
2594
2592
2588
2474
2631
2625
2619
2612
2606
2600
2596
2477
2932
9338
9302
5878
5866
2577
2573
2350
2344
2334
2324
2312
2304
2296
1524
1517
1879
1626
1614
5280
2143
1244
1239
1234
1227
1222
1217
971
969
966
963
958
952
944
936
928
5181
2966
2960
2957
2955
2953
2951
2947
2862
3093
2906
2903
2898
2894
2886
2880
2874
9368
8077
544
1293
1650
5990
1305
1313
1274
1166
8935
2062
5191
5185
918
900
5179
2144
2018
863
1847
5132
2933
5569
5565
5567
5563
1622
1442
9561
6774
2027
2063
6859
2194
6631
3876
1702
1696
1684
5189
5133
5195
5135
7424
8547
7411
3081
9665
1203
907
2195
9457
9453
9461
3334
9449
1041
3846
2180
1294
9591
6684
3084
2897
2893
2885
2879
2873
2868
2863
732
9595
545
5413
5410
5407
5404
2956
2954
2952
2950
2946
2945
2942
2845
2842
9596
9592
3877
2181
8012
5855
7316
1753
1221
1216
1215
1214
1209
1204
957
951
943
935
927
921
914
905
898
7842
1716
1713
1710
1706
1506
5456
5451
5449
5447
3335
864
7308
5461
5388
6107
5466
5390
1848
3847
3964
4971
5981
403
1899
1885
1880
5008
6606
7102
6610
9466
9462
8562
3965
3505
5856
9282
9314
3950
2471
6768
8967
5281
7068
9244
2200
2635
2532
2523
2516
8991
2232
3506
5182
1717
1692
1490
6747
3951
5570
5566
5568
5564
6925
3382
1037
5991
1314
5165
1498
5883
2392
1042
2112
1892
1275
4972
8990
2201
5009
2233
6776
6770
6763
6780
5192
5186
2472
5180
3465
3461
3457
3449
3443
3438
3436
3386
5884
1011
3428
3424
3207
3205
3201
3197
3194
3186
3183
5316
5175
5320
9676
1741
9602
5149
9432
733
9420
9733
2811
9723
9764
9410
5029
5190
5134
5233
5196
5136
5054
9406
9200
2812
9286
9318
7715
2082
609
1038
6751
6374
6761
2045
9597
9593
7776
5467
5462
5457
5452
5030
1900
1886
7909
5055
1012
3383
8867
3064
8803
9598
5524
5523
5522
5521
5525
5454
5526
5459
9464
9463
9467
9468
5988
3466
3462
3458
3450
3444
3439
3437
3387
5096
8584
5082
9290
3429
3425
3208
3206
3202
3198
3195
3187
3184
5994
9322
5598
5592
5594
5590
8505
8498
8504
9731
7993
1814
5097
9763
2113
1893
5083
1164
1163
1162
1161
1158
1154
1148
1491
5415
5311
5177
5166
1499
6964
1189
7069
6781
1772
9294
1494
9326
6054
2083
5161
5159
1447
6756
8541
8535
8514
9329
9272
8556
8540
610
5317
1009
5176
3793
5321
6361
5150
9298
9334
7678
3065
1815
7295
7269
3690
3687
3685
3682
3677
3672
3665
3658
5234
1210
9306
9342
3874
3807
3803
3801
3797
3795
3791
3789
3785
11
7294
1094
630
1773
5826
5804
5725
5822
5802
9730
9346
9362
9753
9729
8845
8977
9752
5338
5336
5334
5332
1718
8266
5340
5225
5342
9748
9749
9750
9751
5229
2150
5599
5593
5595
5591
5468
5463
5458
8829
5453
226
8267
9755
9758
9747
9760
6342
6335
9503
5265
5263
5261
5259
5253
1811
5827
5805
5726
5823
5803
8966
9600
2126
9599
9469
9465
3794
3432
5995
2151
9480
9524
9476
9516
3691
3688
3686
3683
3678
3673
3666
3659
9508
9331
9068
6360
5893
5875
9512
5769
5891
5873
3875
3808
3804
3802
3798
3796
3792
3790
3786
9274
5663
9470
2127
5312
2196
5464
5178
5894
5876
5770
1646
5892
5874
1211
5162
5160
9014
631
1495
8201
6055
1448
2197
8187
9623
2182
9066
5356
3433
5249
5358
1468
1457
1449
1441
1435
1428
1422
8865
1312
1016
1010
1004
1003
1001
999
998
996
995
2183
4983
9732
5651
5647
5649
5645
8626
6363
9611
9734
9762
9759
9761
817
8326
8325
8323
8322
8321
8318
8317
8314
8313
8320
8312
8311
8310
8319
8316
5979
8327
8324
8315
7710
672
8492
5339
5337
5335
5333
5341
5226
5689
5343
5230
7242
7241
7240
7239
7238
6996
6995
6994
6993
6991
6989
6984
6981
6978
6961
6959
7236
7234
7258
7257
1836
1515
7714
7266
1061
5266
5264
5262
5260
5255
5254
5267
9601
818
5157
5269
5231
1647
8527
7287
7286
7285
7284
7283
7282
6036
7280
7267
9603
7163
9754
4889
4887
4885
4883
4881
4931
4929
4927
4924
4879
4921
4919
7193
4917
6357
4877
9756
9757
4904
6365
4902
4913
4910
4984
9248
6526
6373
872
3072
3069
3062
3059
3056
3051
3048
3047
2988
2982
2975
2972
2969
2963
135
8847
6588
9472
9471
5724
5354
5250
9540
5652
5648
5650
5646
873
4890
4888
4886
4884
4882
4932
4930
4928
4925
4880
4922
4920
4918
4878
4905
4903
4914
8937
4911
6601
5980
9315
5690
5503
5421
5507
1837
1838
1621
1613
1605
1597
1584
1574
1564
1552
1541
1414
4969
4967
4965
4963
9283
4961
4951
4949
4947
4945
4959
4943
1754
1749
4941
4939
1062
4957
4937
5318
5314
4935
5276
4955
5322
1516
4953
6728
6150
1975
1750
1742
1730
6525
4970
4968
4966
4964
6355
4962
5031
4952
4950
4948
7074
4946
4960
4944
4942
2077
4940
4958
4938
4936
4956
673
7091
4954
8925
8828
2042
2660
2645
2636
2622
2507
2502
8256
8290
8287
8285
8284
8281
8289
8277
8275
8280
8274
8273
8272
5807
8271
8279
5633
8276
8283
1976
1751
1743
1731
8286
5384
5383
5382
5381
5385
5308
9620
5386
8941
8268
5313
9174
8230
6037
8278
5405
5402
5401
5399
5257
5256
5395
5251
8288
5268
5158
5270
5232
5989
5750
2176
1863
1861
1859
8269
8208
8195
8128
5671
1194
5575
8016
8007
8006
7245
755
5100
9
9473
2177
1864
1862
1860
8198
7255
8186
5499
9232
5309
5306
5423
7191
9667
1687
3422
2664
2653
2641
2628
2615
2519
2511
2503
2494
2484
4722
8921
4734
6456
6454
6452
6450
8598
1639
4650
6448
1625
1620
1612
1604
1596
1583
1573
1563
1551
1418
1413
4154
3738
6446
7777
5504
5422
5508
5319
5315
8046
5323
5847
4202
9493
6151
6442
1654
4138
1130
5277
3423
6029
8969
4723
4735
1187
1186
1182
1111
1083
985
4651
8585
7984
4155
3739
8150
5304
6030
4681
8255
1776
1677
3495
2520
2512
2504
2495
2485
8233
4745
8328
4203
6997
6937
6935
6932
4747
6928
8114
4139
4705
4703
4701
4699
4697
4694
4692
4683
6924
4690
4688
4666
4664
4662
4658
4656
4654
4652
5634
9604
7025
9216
4710
5440
5438
5436
5434
7022
5442
5375
4231
5444
4080
5377
7018
1770
1423
3496
1688
9605
7014
4746
4748
6998
5848
7979
756
8015
4711
6031
1640
5479
5477
5475
5396
5258
5471
5252
4239
5408
5327
4232
4081
5411
5273
528
4233
8003
8001
8000
7999
7998
7185
7184
7182
7179
7176
8009
7997
5576
986
253
247
246
236
235
227
217
208
204
197
192
4240
9491
8069
5310
5307
1655
4234
445
5500
5424
6090
8011
7996
8489
8490
1268
4682
1678
5935
6091
7336
7335
7332
7330
7328
7326
1131
1928
1924
1922
1920
9565
1918
4706
4704
4702
4700
4698
4695
4693
4684
4691
4689
4667
4665
4663
4659
4657
4655
4653
7982
1916
7119
7118
7116
7114
7112
7110
5360
5359
5361
6553
6483
4738
6481
1771
6479
6477
6180
1651
2836
2835
7983
6603
3271
6441
6599
2118
2034
4739
4721
4720
4719
4718
4717
4716
4715
4732
4731
4730
4729
4728
4727
4724
4713
4712
6595
4981
6592
5414
1914
6589
4982
6555
5936
9492
1929
1925
1923
1921
1919
5305
1808
1799
1793
1789
1785
1784
1783
1777
1917
8184
8192
1461
1452
1445
1437
1430
1429
1425
1424
1628
5674
3230
2475
2406
409
6222
7981
5441
5439
5437
5435
5443
5376
5445
1915
5378
2230
2228
2226
2224
2222
2220
321
529
3066
2976
708
5480
5478
5476
5473
5398
5472
5394
7841
7748
5379
2231
2229
5579
2227
2225
2223
2035
2221
5357
5355
3105
2925
2218
8815
706
698
696
686
684
674
662
650
639
626
617
8904
1587
7980
870
9482
9526
9478
2219
9518
1652
322
1644
3253
5
3
9514
3272
2437
5505
5501
398
5509
7680
1648
2411
2252
3263
7653
6181
680
9510
9494
473
2111
1881
2977
5977
5667
297
5481
7995
9607
3106
1629
1778
5978
474
1426
3231
5418
7192
7190
1637
3242
8813
6678
5675
7738
261
2253
2438
1588
5497
5495
1912
8745
5622
6856
887
5474
1955
5380
7733
7721
7669
7679
5672
1634
3236
1645
3722
2447
2547
3254
707
699
697
687
685
675
663
651
640
627
618
1649
871
5506
5502
3264
5510
298
237
228
218
209
205
203
399
6
4
8831
1913
9501
7657
271
266
216
7650
7658
5586
1933
277
275
264
244
224
8987
741
3699
2216
9612
5482
5573
9505
9542
1638
2051
3243
934
2217
2448
8214
9727
8237
5673
2548
1956
9613
5498
5496
8113
8115
9348
4145
813
262
1947
9364
5623
8546
1635
1951
3711
3237
9339
9303
8199
3717
1934
4476
4462
4444
4429
4417
8560
742
1149
1145
1143
1138
1136
1132
1123
1114
1107
1098
1092
278
276
265
245
225
1813
956
950
942
1967
1963
1317
287
285
7749
736
690
676
664
652
641
637
4137
3426
8147
5612
5561
3181
9500
5610
7656
7661
5587
1192
5853
715
711
660
5197
5193
5187
5183
2419
8986
5199
5137
5201
5139
8638
1942
3185
7778
5574
3705
9176
4331
9308
3427
9344
3182
2997
1948
1736
1507
5854
7334
7333
7331
7329
7327
3906
1952
8586
1824
1823
1818
9621
2397
814
1938
4143
5668
3499
3629
862
4144
3703
4477
4463
4445
4430
4418
2420
5881
8488
656
648
624
603
584
1737
4321
1508
3500
3630
3907
4156
4127
4125
4123
2998
5882
8905
1150
1146
1144
1139
1137
1133
1124
1115
1108
1099
1093
288
286
8968
789
5613
5562
5611
1943
1968
1964
1841
9340
4332
9304
737
691
677
665
653
642
638
9300
1849
1865
9619
9336
3650
5198
5194
5188
5184
6250
5200
5138
5202
5588
5140
4066
2407
716
712
661
4142
2398
788
1850
8515
2412
1866
8499
3022
4067
8545
8507
9617
4327
8597
4486
4480
4452
4438
4421
4411
6240
787
1939
1299
4329
4322
4587
4586
4584
4582
4576
2434
2431
2430
2427
2426
2422
2421
2415
2414
2410
2409
2405
2404
2401
2031
2029
2028
2024
2023
2022
2021
2017
2016
2012
2011
2004
2003
2002
2001
2000
1999
1997
1996
1994
1993
1989
1988
1984
1983
1980
1979
1974
9632
9624
941
657
649
625
604
585
6418
4141
852
9296
786
9328
394
4498
3023
3002
5727
8491
2402
8477
1817
2408
784
5851
6032
2413
4100
700
688
3037
3030
5589
7675
7683
8433
9292
783
9324
1615
1609
1607
1600
1598
1589
1577
1569
1559
1546
1539
4325
6273
1658
1119
9316
2425
2418
1842
5290
5286
5282
5278
9284
5294
5163
8308
8307
8304
8302
8300
8298
5298
1183
1140
1134
1125
1116
1109
1105
5167
4318
4328
4454
6419
5728
9288
9320
782
781
9567
4499
1159
1155
1121
3003
9615
9564
2399
4330
6241
4678
4677
4674
4672
4670
5852
6112
6033
1300
4487
4481
4453
4439
4422
4412
9434
9422
3014
4435
5125
5771
1659
1120
2403
4323
3018
4837
4835
4829
4825
4821
4817
9657
5879
853
9015
4353
6088
4603
5772
9609
8078
8043
8040
8038
8036
4455
8034
8032
8030
295
8028
4101
5126
8026
8079
8555
5880
5620
1867
1318
169
4488
4326
6089
4838
4836
4830
4826
4822
4818
5845
7712
6114
3015
701
689
4496
6274
8162
8140
8134
8137
2400
8131
5127
8127
4604
8124
1868
1319
8907
5291
5287
5283
5279
8120
5295
6116
5164
8118
3019
5299
5168
749
8117
1616
1610
1608
1601
1599
1590
1578
1570
1560
1547
1540
8165
5128
4861
4859
4855
4851
4847
4843
2941
2940
2174
3008
1184
1141
1135
1126
1117
1110
1106
6118
829
765
6120
4593
7697
4862
4860
4856
4852
4848
4844
6122
6124
4634
3269
6113
6126
6128
1196
1193
1188
1185
1181
1178
1173
1172
1169
1160
1156
1122
1067
1064
1058
1054
1049
1046
407
404
400
349
346
340
338
336
332
329
326
323
318
315
310
306
255
160
154
149
145
143
141
136
133
131
7587
170
6723
4635
3270
4324
4589
4588
4585
4583
4579
4573
5800
6654
6721
6719
6717
6715
4489
6707
6703
8228
8226
8224
8222
8220
6701
4516
6698
5846
8906
6695
6658
4594
5621
3636
3774
3754
3765
4497
4482
9251
3746
1035
8830
3736
8506
8530
3727
518
3718
3714
6439
3006
8501
3009
3706
3644
3731
3721
3720
3716
3710
3704
3702
3698
3696
3695
3694
1303
4624
3228
296
519
1023
1019
5801
4625
3229
8075
6115
5369
5367
5365
5363
5371
5271
4599
5373
5274
6986
6979
6974
6969
6966
5931
7638
7637
7636
7635
4140
4136
4135
4134
4133
4131
4129
4126
4124
4120
4117
7639
7626
7640
7627
6117
3637
3775
3755
3766
3747
3737
4601
750
2114
2108
2104
2101
2050
2049
2048
2046
2043
2040
1945
3728
766
4464
3719
3715
9566
3366
3360
2175
177
152
8542
3707
1668
1602
1591
1579
1571
1561
1557
6119
3645
6121
3007
5863
6123
4483
6125
5706
8553
4680
4679
4675
4673
4671
4669
4517
8550
8537
6127
6129
2638
2632
2391
2390
2385
2382
2375
2372
2365
2362
2359
1630
1623
1575
408
405
401
350
347
341
339
337
333
330
327
324
319
316
311
307
256
161
155
150
146
144
142
137
134
132
4600
5932
8557
1642
8017
3902
3899
3896
3893
3892
3891
3890
3889
3888
3887
3884
4044
4062
4058
4060
4056
7910
5864
4054
4052
4602
4050
9252
1036
4048
4042
8595
4046
8628
4630
3251
5952
4045
4063
4059
4061
8636
4057
4055
4631
3252
4053
1024
1020
4051
4632
3261
4049
8531
5953
4474
4460
4442
4427
4415
8551
5370
5368
5366
5364
5707
4043
5372
4597
645
198
5272
5374
4047
5275
4465
5830
8635
4633
3262
4475
4461
4443
4428
4416
7383
8533
8532
8534
8511
8634
1643
5796
5811
5790
8166
8163
8161
8160
8159
8158
8157
8155
8154
8152
8146
8633
5992
8047
8074
8073
8072
8071
5918
8070
2556
8067
8066
8632
8064
7779
3367
3361
2687
178
153
1669
1603
1592
1580
1572
1562
1558
8063
5765
8048
4598
7851
7850
7849
7848
7847
7846
7845
7844
7843
6034
8631
7930
7929
7928
7927
7926
7925
7924
7923
7922
1782
1775
1769
1765
1763
1760
1759
1756
1682
1673
1666
1662
1657
1656
1631
1624
1576
850
847
845
843
841
839
835
832
830
825
823
819
815
777
730
728
726
722
717
713
709
702
694
550
546
538
6186
4208
4206
4204
4200
4198
4196
4194
4191
4189
4187
4185
1839
8549
4176
1412
5831
6202
4595
5766
8630
5708
4628
3240
5792
5797
8587
5812
5791
1714
1685
6416
6200
7739
1840
8629
4629
3241
5712
5710
5716
5714
6198
5919
2557
8156
8153
8151
8149
8148
3885
3882
3880
3878
3872
3868
3864
3860
3854
3787
3783
8653
8519
8518
8517
8516
7994
8229
8227
8225
8223
8221
8216
8521
8508
6196
8523
8509
8018
2978
3087
3082
3077
3073
5895
3070
8652
3067
4596
6035
3060
6194
6187
3057
3054
5861
2984
5993
5885
5867
7380
6203
8019
8559
6192
8637
5709
2167
2026
1896
1889
1882
1874
1869
5896
5793
3759
3748
2688
683
611
5956
4209
4207
4205
4201
4199
4197
4195
4192
4190
4188
4186
2819
5788
4333
4626
3234
2019
6201
8607
8606
8605
8604
8603
8602
8601
8600
8599
8512
5862
8647
8646
8645
8644
8643
8642
8641
8640
8639
2005
1969
1905
851
848
846
844
842
840
836
833
831
826
824
820
816
778
731
729
727
723
718
714
710
703
695
551
547
539
428
5713
5711
5717
5715
6190
1715
1686
5886
5868
6199
7815
4627
3235
6068
3886
3883
3881
3879
3873
3869
3865
3861
3855
3788
3784
6204
6197
5957
2820
6188
2979
3088
3083
3078
3074
6220
3071
3068
3932
3928
3922
3916
3912
3061
6195
3058
6313
5739
5737
5733
5729
1910
5767
5743
5694
5859
8611
3055
5745
5696
2560
2985
6069
6205
6218
6293
6193
5775
5773
5779
5777
6216
6221
5789
6012
4334
4040
4038
4036
4034
4032
4030
4028
4026
4024
4022
4020
2020
5768
6214
5860
7822
2562
5937
6251
6191
3124
3142
3140
3138
6219
3136
3134
8306
8305
8303
8301
8299
3760
3749
3109
1258
913
3132
5776
5774
5780
5778
3130
6212
40
3128
6217
3122
6066
6024
6022
6020
6018
6016
6014
6064
6062
5718
6271
6269
6267
6265
6263
6261
6259
6257
6255
2681
2679
2675
2574
2451
2395
2357
2353
2347
2341
2339
2331
2329
2327
2321
2319
2317
2315
2309
2307
2305
2301
2299
2297
2293
2291
2289
2287
2285
2283
2281
2279
2275
2273
2271
2269
2267
2265
2263
2261
2258
2256
2254
2250
2248
2242
2240
1315
1306
1301
1295
1289
1285
1281
1276
1272
1266
1170
1075
1070
1068
1065
1059
1055
1052
1050
1047
1043
977
974
972
889
881
876
724
299
292
6189
3126
4041
4039
4037
4035
4033
4031
4029
4027
4025
4023
4021
6215
6210
8618
3933
3929
3923
3917
3913
3125
3143
6314
5740
5738
5734
5730
1911
3141
3139
5744
3137
5695
5746
3135
5697
2561
3133
5857
3131
4369
6213
3129
2198
6294
3123
4484
4478
4450
4436
4419
4409
3127
6208
6013
6211
4485
4479
4451
4437
4420
4410
41
2563
6206
5938
5858
6252
4370
2199
4833
4831
4827
4823
4819
4014
4010
4006
4002
3994
6209
4183
4181
3493
1462
1419
379
373
368
125
121
114
107
101
95
90
83
77
6315
5757
5755
2214
5753
5751
5759
5702
5761
6067
6025
6023
6021
6019
6017
6015
6065
6063
5704
5719
7823
6272
6270
6268
6266
6264
6262
6260
6258
6256
2682
2680
2676
2575
2452
2396
2358
2354
2348
2342
2340
2332
2330
2328
2322
2320
2318
2316
2310
2308
2306
2302
2300
2298
2294
2292
2290
2288
2286
2284
2282
2280
2276
2274
2272
2270
2268
2266
2264
2262
2259
2257
2255
2251
2249
2243
2241
1316
1307
1302
1296
1290
1286
1282
1277
1273
1267
1171
1076
1071
1069
1066
1060
1056
1053
1051
1048
1044
978
975
973
890
882
877
725
300
293
2817
6295
495
6207
7824
7780
4015
4011
4007
4003
3995
496
5758
6316
5756
2215
5754
5752
5760
5703
5762
5705
2821
2818
5966
7825
6253
8619
7826
6296
7827
7828
7781
7829
7782
7769
7821
7820
7819
7818
7817
7774
7773
7772
7771
7770
4834
4832
4828
4824
4820
7816
4184
4182
3494
1463
1420
380
374
369
126
122
115
108
102
96
91
84
78
6086
6084
6082
6080
6078
6076
6074
6072
6070
5781
8620
6291
6289
6287
6285
6283
6281
6279
6277
6275
2823
2779
2777
2775
2773
2771
2769
2767
2765
2763
2761
2759
2757
2755
2753
2751
2749
2747
2745
2743
2741
2739
2737
2735
2733
2731
2729
2727
2725
2723
2721
2719
2717
2715
2713
2711
2709
2707
2705
2703
2701
2699
2697
2695
2693
2691
2689
1410
1408
1406
1404
1402
1400
1398
1396
1394
1392
1390
1388
1386
1384
1382
1380
1378
1376
1374
1372
1370
1368
1366
1364
1362
1360
1358
868
485
483
8588
2822
5967
6254
8621
8622
8623
8624
4857
4853
4849
4845
4841
4229
4227
3934
1965
1961
1845
1843
471
469
467
465
463
461
459
457
455
453
451
449
342
8589
8625
6087
6085
6083
6081
6079
6077
6075
6073
6071
8590
8577
8617
8616
8615
8614
8613
8582
8581
8580
8579
8578
5782
8612
6292
6290
6288
6286
6284
6282
6280
6278
6276
2824
2780
2778
2776
2774
2772
2770
2768
2766
2764
2762
2760
2758
2756
2754
2752
2750
2748
2746
2744
2742
2740
2738
2736
2734
2732
2730
2728
2726
2724
2722
2720
2718
2716
2714
2712
2710
2708
2706
2704
2702
2700
2698
2696
2694
2692
2690
1411
1409
1407
1405
1403
1401
1399
1397
1395
1393
1391
1389
1387
1385
1383
1381
1379
1377
1375
1373
1371
1369
1367
1365
1363
1361
1359
869
486
484
4858
4854
4850
4846
4842
4230
4228
3935
1966
1962
1846
1844
472
470
468
466
464
462
460
458
456
454
452
450
343
