91
105
82
39
103
102
83
52
38
27
179
31
178
37
92
50
46
44
177
40
79
117
176
111
1
175
14
2
51
174
35
93
30
22
81
173
107
172
16
171
25
88
12
99
87
109
86
84
26
170
32
119
85
108
153
112
97
42
67
18
113
120
149
80
20
101
36
3
28
45
6
114
151
19
150
110
89
166
141
90
13
11
146
104
163
15
7
134
94
8
48
10
161
159
29
78
158
73
23
64
24
17
55
106
167
164
143
122
49
142
96
160
152
41
34
72
155
118
121
76
4
123
21
47
138
65
60
43
59
169
33
61
9
5
168
157
154
148
98
77
57
71
54
116
147
63
137
129
139
58
135
140
165
62
56
125
53
162
68
69
66
124
133
131
95
156
144
132
130
70
128
145
115
74
100
126
75
136
127
