22
93
130
146
148
153
154
167
168
19
20
139
145
70
92
21
100
38
48
82
18
122
129
131
151
28
102
58
95
16
11
12
13
14
15
23
24
25
26
27
71
97
96
10
98
108
169
137
132
2
3
4
5
6
7
8
9
39
40
41
42
99
127
64
69
107
109
110
119
124
125
126
138
141
142
149
150
152
155
156
157
158
159
160
161
162
163
164
165
166
117
65
144
101
140
68
62
66
67
103
123
120
104
60
128
170
94
61
63
59
135
76
77
79
80
46
44
73
74
75
78
81
143
47
133
43
52
53
54
57
45
32
36
37
56
49
50
51
55
87
88
90
91
83
84
85
86
89
1
17
29
30
31
33
34
35
147
175
171
72
176
116
106
111
112
113
114
115
136
174
179
121
118
177
173
172
178
105
134
