137
53
57
56
52
54
46
43
45
44
47
81
73
74
75
78
77
76
79
80
49
50
51
55
83
88
87
90
91
84
85
86
89
10
140
92
175
101
128
67
68
66
117
65
133
171
64
143
147
82
144
94
63
61
59
16
60
62
116
120
127
95
28
58
38
48
123
33
1
34
32
36
37
29
30
31
35
102
169
135
132
103
170
104
72
118
178
99
121
96
177
98
174
97
17
179
172
100
173
71
176
136
105
69
139
70
114
109
107
108
93
115
112
113
21
106
145
111
138
141
150
14
26
4
8
11
12
13
15
23
24
25
27
42
2
3
5
6
7
9
39
40
41
19
20
157
158
159
160
161
162
163
164
165
166
110
119
155
156
124
125
126
149
134
142
151
152
18
22
122
129
130
131
146
148
153
154
167
168
