167
168
169
170
171
172
173
174
175
176
177
178
179
105
14
15
78
79
80
76
77
33
55
16
28
38
48
58
82
92
35
34
36
37
73
74
75
32
12
13
50
49
51
30
29
31
83
81
93
1
72
26
39
40
41
42
27
119
3
5
4
2
142
131
89
90
24
25
23
87
91
88
86
84
141
85
120
117
10
95
100
102
121
122
104
21
22
130
155
103
101
138
139
156
149
158
44
147
148
96
94
166
154
43
137
116
165
46
71
135
123
157
47
133
164
45
114
125
163
99
161
53
57
115
70
110
106
111
159
124
61
112
98
63
136
52
107
18
126
59
162
56
97
108
113
19
20
144
60
6
7
8
9
109
62
118
69
153
67
68
160
66
54
65
64
11
17
143
127
128
129
132
134
140
145
146
150
151
152
