165
144
69
145
135
94
146
136
97
147
124
96
148
137
95
149
138
59
150
139
60
151
125
56
152
140
57
162
153
34
154
126
43
155
127
66
156
128
67
157
122
98
158
129
99
159
160
33
168
63
45
77
61
78
62
115
100
15
169
49
161
130
68
131
163
132
70
164
123
133
101
166
167
74
53
75
76
170
71
171
172
173
174
72
175
73
118
65
176
141
120
177
142
121
178
143
179
134
116
113
8
5
110
10
9
17
104
13
7
87
19
11
55
21
58
22
114
23
90
46
108
28
2
48
6
109
24
89
47
4
3
117
64
106
36
37
54
41
93
29
44
20
42
35
107
40
18
51
85
79
14
80
16
12
112
50
25
1
30
83
31
84
32
27
26
119
111
52
86
92
88
81
38
82
103
39
102
105
91
