105
82
92
16
28
38
48
58
116
72
81
170
119
172
83
120
173
176
14
33
179
93
167
1
34
88
168
121
122
100
12
15
29
30
31
32
35
36
37
49
50
51
55
84
85
86
87
89
90
91
171
174
136
135
123
178
95
23
24
25
26
27
155
102
2
3
4
5
39
40
41
42
169
10
177
156
101
127
94
117
149
131
175
147
148
142
125
124
126
21
22
59
60
61
62
63
111
112
113
114
115
118
96
53
52
54
57
161
159
160
163
104
46
56
103
43
44
47
130
162
165
157
158
166
154
45
71
164
13
69
64
65
66
67
68
106
11
110
107
108
109
6
7
8
9
70
75
76
78
77
80
143
73
74
79
141
18
144
153
19
20
139
97
98
99
133
17
137
138
128
129
132
134
140
145
146
150
151
152
