137
57
53
56
43
46
52
45
54
44
47
83
84
85
86
87
88
89
90
91
73
74
75
76
77
78
79
80
81
82
92
175
101
133
143
171
16
28
38
48
58
67
147
68
128
66
65
10
64
102
49
50
51
55
94
95
63
117
61
59
62
60
140
144
116
100
96
127
99
120
169
132
97
118
98
174
121
170
178
177
71
135
123
179
1
29
30
31
32
33
34
35
36
37
93
103
104
136
176
70
172
173
72
17
139
69
145
19
20
105
2
3
4
5
6
7
8
9
11
12
13
14
15
23
24
25
26
27
39
40
41
42
21
107
108
109
18
22
106
110
111
112
113
114
115
119
122
124
125
126
129
130
131
134
138
141
142
146
148
149
150
151
152
153
154
155
156
157
158
159
160
161
162
163
164
165
166
167
168
