137
77
80
79
76
81
78
75
74
73
57
53
56
52
54
43
46
45
44
47
133
143
88
91
90
87
83
89
86
85
84
175
147
171
55
51
50
49
101
10
67
92
128
68
65
64
66
140
16
38
82
48
28
58
94
117
93
63
61
168
167
154
153
148
146
130
22
62
59
102
60
95
144
20
19
139
145
116
70
100
127
96
97
120
21
169
98
132
99
71
151
18
131
129
122
26
14
27
25
24
23
15
13
12
11
170
123
118
108
174
135
42
8
4
41
40
39
9
7
6
5
3
2
121
178
177
37
36
32
103
33
34
1
35
31
30
29
104
69
109
107
138
150
141
166
165
164
163
162
161
160
159
158
157
156
155
119
110
149
126
125
124
142
152
176
179
17
136
72
172
173
114
115
112
113
106
111
105
134
