137
73
74
75
76
77
78
79
80
81
133
143
175
147
171
83
84
85
86
87
88
89
90
91
101
57
53
67
52
56
65
68
128
64
43
66
54
46
44
45
47
16
28
38
48
58
82
92
94
63
61
10
49
50
51
55
62
59
117
60
140
102
144
95
116
127
120
96
99
169
97
98
132
118
174
121
170
178
177
71
135
123
100
93
179
1
29
30
31
32
33
34
35
36
37
103
104
136
176
70
172
173
72
17
139
69
145
19
20
105
2
3
4
5
6
7
8
9
11
12
13
14
15
21
23
24
25
26
27
39
40
41
42
107
108
109
18
22
106
110
111
112
113
114
115
119
122
124
125
126
129
130
131
134
138
141
142
146
148
149
150
151
152
153
154
155
156
157
158
159
160
161
162
163
164
165
166
167
168
