245
490
734
735
667
663
659
665
661
652
658
662
654
657
666
653
655
656
660
670
664
668
669
178
180
177
168
179
176
169
171
165
167
162
173
164
174
163
172
175
170
166
422
414
418
416
413
423
424
407
412
410
409
408
420
419
417
425
415
421
411
489
244
651
257
249
261
253
12
161
502
501
11
505
16
8
498
248
264
497
252
7
406
506
15
256
4
494
260
259
255
10
19
263
509
504
14
500
496
258
3
6
251
493
262
254
18
508
247
13
503
9
495
5
2
499
250
492
17
507
725
224
268
246
469
731
1
718
705
265
491
720
716
712
729
710
138
722
140
647
132
732
136
147
141
145
139
709
146
131
142
137
714
135
707
143
721
144
156
134
155
154
149
153
150
152
151
157
719
711
717
724
704
133
730
728
129
646
626
630
645
644
643
639
642
641
270
640
624
706
726
631
637
628
622
627
632
620
241
635
271
215
235
230
222
226
232
239
220
636
634
633
629
648
623
625
158
148
621
513
638
523
619
218
242
231
219
217
234
229
713
221
238
216
524
227
214
267
240
233
723
715
708
272
228
236
649
376
650
33
159
517
160
25
34
390
386
225
515
377
516
26
526
527
528
533
534
535
540
541
542
547
548
549
550
529
530
531
532
536
537
538
539
543
544
545
546
551
552
553
554
27
273
266
130
392
511
391
387
23
375
36
37
38
43
44
45
50
51
52
57
58
59
60
39
40
41
42
46
47
48
49
53
54
55
56
61
62
63
64
458
382
385
383
389
381
510
269
380
374
512
393
525
378
401
28
379
486
388
274
480
467
460
477
465
475
471
484
384
518
473
20
223
514
487
461
22
405
35
24
519
479
21
463
394
464
478
395
402
476
396
397
398
474
399
400
462
466
472
459
483
76
485
72
68
703
94
29
84
92
91
70
93
80
82
90
85
89
88
86
87
78
77
83
74
81
75
73
69
71
67
79
126
481
124
125
123
122
117
121
120
118
119
727
213
65
276
403
108
104
115
237
114
106
107
100
109
113
112
470
99
110
103
102
111
105
101
404
97
468
66
275
98
116
95
127
96
128
699
521
676
678
682
680
683
689
684
679
690
687
688
686
691
685
693
698
695
697
696
694
692
681
677
672
673
671
674
675
700
701
702
558
566
562
31
616
564
615
560
614
567
584
573
563
613
568
612
611
610
609
608
607
574
583
559
582
571
572
556
581
580
579
578
577
576
575
570
598
594
590
569
596
605
592
599
557
561
565
555
600
595
604
588
603
591
602
601
597
593
589
617
587
606
618
585
586
520
30
212
278
279
183
191
195
197
193
192
196
190
187
198
184
194
199
188
482
189
186
182
185
203
200
205
206
202
444
207
435
436
201
432
208
211
440
427
428
204
437
441
433
429
438
443
439
442
181
434
209
431
210
430
452
281
282
283
288
289
290
295
296
297
302
303
304
305
284
285
286
287
291
292
293
294
298
299
300
301
306
307
308
309
448
450
426
451
280
445
453
446
447
449
456
455
454
457
313
321
317
322
326
328
323
325
337
327
329
311
319
318
315
336
335
369
334
333
332
331
330
338
314
368
367
366
365
364
363
362
370
312
310
345
353
349
354
360
358
324
339
359
355
357
316
351
343
371
320
361
350
347
344
346
342
356
348
352
341
373
340
372
277
522
32
243
488
733
