395
396
394
489
401
403
389
398
390
397
392
391
418
2
408
456
407
412
406
405
387
382
121
404
380
377
490
388
122
424
423
400
244
399
96
422
421
420
111
417
413
373
346
344
222
416
236
120
369
410
247
209
293
212
113
242
257
258
414
342
78
99
17
291
295
110
385
454
386
265
455
452
450
361
232
379
248
357
383
381
345
115
356
365
235
393
234
132
488
375
486
294
305
60
411
402
355
114
332
328
131
273
267
363
330
98
245
130
246
300
68
313
297
172
263
206
103
371
134
351
70
353
419
350
144
349
322
109
152
240
133
415
83
97
150
264
299
218
409
348
217
9
478
307
476
340
211
311
301
472
474
470
105
374
370
468
142
210
79
466
308
108
275
464
290
336
326
287
119
341
3
5
4
288
462
104
460
151
1
458
243
289
13
207
376
205
457
112
61
484
219
72
480
187
482
338
76
334
140
230
324
306
125
312
347
343
84
367
177
250
71
434
225
359
354
69
448
364
253
436
129
453
266
451
446
310
449
442
384
444
440
170
26
438
286
227
135
339
303
241
198
91
106
378
85
124
102
107
82
123
321
285
62
309
277
270
59
255
325
64
196
86
19
166
372
226
333
221
220
24
176
94
284
143
304
15
18
327
191
168
88
233
169
93
8
16
171
262
215
254
12
228
329
231
368
23
237
74
269
259
73
92
200
189
14
202
52
192
298
251
432
271
11
224
128
279
337
320
430
331
81
335
477
77
475
22
323
42
302
276
161
25
201
428
148
471
239
179
473
469
467
149
63
465
223
283
281
463
208
426
145
118
66
292
178
116
296
7
461
6
459
146
100
158
261
27
485
358
278
180
147
366
256
260
40
268
54
447
362
360
101
28
127
435
58
126
10
445
441
439
443
318
216
159
437
182
67
229
80
167
487
352
238
38
314
30
199
33
90
117
137
46
156
95
136
51
175
65
31
188
190
174
214
184
153
197
181
274
204
317
155
203
34
157
186
55
213
75
173
433
315
316
431
429
21
139
427
20
87
29
56
164
141
195
282
183
425
249
280
45
89
37
483
479
481
154
272
53
160
47
57
44
48
138
39
36
194
41
32
49
35
50
165
185
43
193
319
252
162
163
