213
458
160
96
128
159
95
127
158
94
126
93
125
157
235
156
92
124
241
91
123
215
155
90
122
154
230
226
89
121
153
88
120
239
152
220
87
119
151
232
86
118
150
222
85
117
149
236
148
84
116
217
83
115
147
227
82
114
146
229
81
113
145
144
214
80
112
240
143
79
111
278
279
221
78
110
142
231
77
109
141
219
108
76
140
33
34
139
75
107
238
244
489
280
281
282
283
284
285
286
287
288
289
290
291
292
293
294
295
296
297
298
299
300
301
302
303
304
305
306
307
308
309
166
224
74
106
138
165
170
161
234
162
73
105
137
163
35
36
37
38
39
40
41
42
43
44
45
46
47
48
49
50
51
52
53
54
55
56
57
58
59
60
61
62
63
64
242
169
405
341
373
164
104
72
136
216
135
71
167
103
168
228
174
70
102
134
171
173
69
101
225
133
218
237
172
67
99
100
68
131
176
177
132
411
175
384
178
320
352
415
483
324
403
233
339
356
338
371
370
402
388
130
321
404
486
353
480
340
410
337
385
369
485
401
372
98
66
406
464
407
414
400
399
398
397
396
395
329
328
361
179
336
360
335
368
334
327
333
408
367
394
332
366
331
380
365
359
393
364
325
363
392
357
330
391
326
362
461
389
316
358
460
348
390
409
475
471
462
484
481
465
477
472
223
459
323
467
355
474
387
412
381
317
322
349
487
466
354
386
476
413
419
383
97
65
319
129
180
351
469
418
382
318
479
350
454
473
416
470
379
482
463
315
377
347
378
313
314
417
376
345
346
422
312
423
344
420
445
209
207
208
421
206
443
478
204
245
210
205
444
202
375
441
424
203
200
311
442
439
201
198
343
490
440
199
437
196
452
436
197
453
438
194
451
195
449
192
455
450
434
191
193
435
447
425
433
448
189
190
446
188
431
186
432
430
187
211
212
185
310
374
468
342
181
184
183
429
182
426
427
428
456
457
16
261
29
274
32
277
30
275
31
276
28
273
12
257
15
260
11
256
6
251
5
250
7
252
27
272
25
270
23
268
21
266
19
264
17
262
13
258
26
271
24
269
22
267
20
265
18
263
10
255
14
259
9
254
8
253
4
249
3
248
2
247
1
246
488
243
