220
87
119
151
232
86
118
150
222
85
117
149
236
148
84
116
458
217
83
147
115
227
82
114
146
229
81
113
145
214
144
80
112
240
143
79
111
221
78
110
142
231
77
109
141
219
108
76
140
161
162
139
75
238
107
163
164
339
371
403
338
370
165
402
166
480
337
369
213
486
401
224
74
106
138
336
368
400
460
335
367
399
475
334
366
398
167
471
234
333
365
73
105
397
137
484
332
364
396
168
169
341
405
373
465
331
363
395
477
330
362
170
394
242
467
104
72
136
329
361
393
481
340
404
372
328
360
392
462
406
327
359
391
472
407
171
216
71
135
326
103
358
390
474
408
325
357
389
324
356
459
388
172
409
485
173
410
411
323
228
355
70
102
387
134
466
174
321
353
322
354
385
386
476
464
412
320
352
413
384
414
483
225
69
101
133
415
175
319
351
383
469
100
68
132
318
176
350
237
382
416
479
317
349
381
487
417
177
418
316
348
380
67
99
461
131
218
419
178
315
347
379
473
97
65
223
98
66
130
420
314
346
233
129
378
470
313
345
180
377
421
482
179
422
312
344
376
463
32
277
423
31
276
30
275
29
274
374
28
273
310
311
342
343
468
375
478
27
272
425
424
26
271
25
270
24
269
23
268
22
267
21
266
20
265
19
264
16
261
18
263
15
260
17
262
12
257
14
259
11
256
13
258
10
255
9
254
7
252
8
253
6
251
5
250
33
4
249
34
3
248
209
206
207
208
204
202
210
205
200
203
198
201
199
196
197
194
195
192
191
193
190
189
188
186
185
187
182
184
181
183
212
211
244
2
247
278
35
36
37
38
39
40
41
42
43
44
45
46
47
48
49
50
51
52
53
54
55
56
57
58
59
60
61
62
63
64
279
489
452
451
453
455
449
450
447
448
446
456
457
245
1
246
280
281
282
283
284
285
286
287
288
289
290
291
292
293
294
295
296
297
298
299
300
301
302
303
304
305
306
307
308
309
454
445
444
443
442
441
439
440
438
437
436
435
434
433
432
431
430
429
426
427
428
490
488
243
1
1
1
1
1
1
1
1
1
1
1
1
1
1
1
1
1
1
1
1
1
1
1
1
1
1
1
1
1
1
1
1
1
