434
435
440
433
437
438
439
436
432
431
441
430
442
427
426
428
443
444
429
285
286
287
288
293
294
295
300
301
302
307
308
309
281
282
283
284
289
290
291
292
296
297
298
299
303
304
305
306
40
41
42
43
48
49
50
55
56
57
62
63
64
36
37
38
39
44
45
46
47
51
52
53
54
58
59
60
61
246
219
221
464
214
238
227
466
468
223
234
459
472
483
242
479
487
228
218
478
187
233
361
189
473
193
225
463
190
183
182
186
188
470
230
215
239
241
191
192
232
280
185
216
480
195
475
477
194
460
484
237
184
353
235
349
486
240
181
224
342
231
482
196
485
345
461
229
35
217
197
469
347
355
247
476
451
351
350
346
462
160
278
474
159
357
279
343
356
248
354
352
340
341
348
344
359
198
454
358
450
373
28
372
256
249
481
255
33
253
360
205
448
34
257
310
226
29
251
220
467
222
317
465
321
471
199
313
20
259
130
236
318
324
322
314
445
319
323
315
206
325
311
446
320
261
312
316
1
326
136
140
129
250
327
132
328
21
330
203
329
22
137
331
381
332
385
263
338
334
335
333
158
139
458
362
377
393
133
336
142
134
379
363
337
204
339
389
201
364
387
382
207
144
366
367
202
254
370
378
209
365
135
260
141
131
143
368
447
148
452
391
146
138
369
383
252
154
155
200
156
152
157
213
371
275
388
208
374
23
150
258
212
453
386
81
390
83
384
82
145
80
121
117
84
119
74
85
71
125
70
78
404
89
122
118
93
75
87
124
120
113
123
86
67
77
403
90
88
153
92
79
91
69
73
106
103
392
112
66
94
151
107
102
110
265
126
262
267
109
147
111
114
380
76
99
72
68
105
395
101
30
4
394
115
98
149
264
65
376
375
2
210
108
6
12
104
276
274
8
100
405
14
3
97
11
397
211
268
10
396
16
24
5
399
273
402
449
400
9
18
398
455
401
7
31
13
127
15
128
266
95
96
17
456
19
27
116
269
169
177
173
175
167
172
170
25
165
176
163
180
179
166
174
270
272
178
171
168
457
164
162
271
161
489
26
425
414
418
422
420
412
421
410
417
411
415
424
408
423
416
419
413
407
409
244
277
32
406
243
245
488
490
