280
281
282
283
284
285
286
287
288
289
290
291
292
293
294
295
296
297
298
299
300
301
302
303
304
305
306
307
308
309
35
36
37
38
39
40
41
42
43
44
45
46
47
48
49
50
51
52
53
54
55
56
57
58
59
60
61
62
63
64
340
341
454
428
427
436
445
443
432
431
430
444
441
439
442
434
435
438
440
429
426
433
437
456
372
373
32
457
31
218
233
223
160
159
463
21
27
23
25
30
22
478
24
26
149
147
28
145
468
212
211
151
217
229
240
153
164
231
405
171
162
138
271
224
166
269
168
143
141
131
225
148
188
192
184
181
182
150
146
210
189
191
194
185
186
207
208
196
206
222
204
209
135
195
220
202
187
226
193
198
267
200
183
190
157
474
205
203
476
144
197
272
201
199
152
34
179
270
404
462
154
155
127
156
128
268
133
485
467
471
180
465
455
134
174
446
447
265
142
469
216
95
96
458
245
449
448
451
139
452
33
453
260
450
178
266
388
401
398
402
386
400
376
254
255
374
490
137
253
390
256
275
399
264
396
461
273
158
392
380
383
375
274
263
378
165
259
163
397
251
394
384
161
377
470
167
385
140
129
132
381
250
136
387
379
382
279
252
391
169
257
170
261
175
389
177
244
395
249
276
393
173
246
403
172
20
6
176
262
18
11
228
16
258
2
14
277
236
214
227
235
221
97
237
238
489
219
12
8
242
234
247
278
420
65
10
424
130
104
108
100
4
416
409
413
29
72
76
68
7
406
15
98
111
105
109
248
3
337
66
79
101
5
1
73
19
336
99
77
213
338
418
107
69
335
103
67
110
106
482
123
124
122
102
75
121
71
126
334
120
486
78
74
464
17
119
473
91
459
92
90
70
423
89
480
94
425
88
112
118
466
87
472
9
333
13
232
125
311
241
239
230
215
80
86
117
411
479
113
483
93
487
114
85
408
81
115
320
481
82
371
477
460
475
332
412
116
484
414
83
316
312
410
84
362
407
361
422
363
360
417
421
331
415
357
359
358
339
364
419
342
365
347
345
343
328
355
327
329
330
353
366
346
356
351
354
321
313
367
349
326
317
315
370
350
368
323
319
369
314
310
325
318
348
322
344
352
324
243
488
