245
407
408
409
410
411
412
413
414
415
416
417
418
419
420
421
422
423
424
490
425
162
164
168
171
178
174
166
179
163
176
165
170
172
180
167
175
173
177
169
476
474
485
469
462
13
7
380
376
402
471
9
15
375
316
465
231
240
229
312
383
252
319
382
311
386
378
467
226
322
318
384
217
17
315
348
220
314
379
222
10
320
254
374
12
5
344
14
224
6
8
324
11
258
343
310
377
16
317
346
323
326
388
350
381
351
250
313
321
338
399
387
347
390
370
398
251
3
354
385
352
248
325
396
255
401
400
253
2
345
342
389
4
327
328
260
349
394
367
397
395
153
18
247
403
366
356
19
249
151
149
262
257
463
138
145
135
256
143
141
355
364
461
391
259
154
353
156
157
155
392
152
150
139
144
131
142
134
335
137
358
362
133
369
334
368
146
147
363
140
478
136
158
216
129
332
357
130
1
337
336
365
329
132
404
261
371
339
330
331
246
333
468
233
218
264
359
405
159
263
160
360
223
372
432
438
435
440
479
214
466
221
227
238
442
434
459
480
464
483
428
472
234
235
436
373
427
219
340
486
393
439
487
431
475
430
148
441
437
242
230
232
241
239
215
460
433
477
484
473
228
341
426
444
443
429
285
286
287
288
293
294
295
300
301
302
307
308
309
281
282
283
284
289
290
291
292
296
297
298
299
303
304
305
306
40
41
42
43
48
49
50
55
56
57
62
63
64
36
37
38
39
44
45
46
47
51
52
53
54
58
59
60
61
470
225
361
26
278
271
244
279
280
270
23
481
25
21
35
29
268
489
187
193
189
454
183
190
182
186
33
191
188
236
185
192
274
458
195
184
194
34
237
482
181
406
161
196
197
445
266
20
28
22
272
267
265
451
198
450
273
27
199
448
205
446
206
269
203
201
202
207
209
204
275
447
200
452
208
453
212
213
24
210
276
211
30
449
81
83
121
82
117
80
119
455
125
74
84
122
118
71
70
85
124
120
78
123
75
89
87
93
67
77
86
90
88
79
69
92
73
91
113
66
126
94
103
106
112
76
72
68
107
102
110
111
114
109
99
65
105
101
115
456
98
108
31
104
100
97
127
128
457
95
96
116
277
32
243
488
