490
489
488
487
486
485
484
483
482
481
480
479
478
477
476
475
474
473
472
471
470
469
468
467
466
465
464
463
462
461
460
459
458
402
314
5
355
251
6
320
252
7
413
317
260
8
445
411
261
9
443
409
312
262
10
447
393
308
263
11
374
310
264
12
352
306
265
13
337
304
253
14
441
335
300
266
15
437
333
296
267
16
331
302
268
17
329
298
269
18
439
327
292
270
19
425
325
288
254
20
323
294
271
21
321
290
255
22
457
319
286
272
23
284
256
24
455
315
282
273
25
313
280
274
26
453
311
278
275
27
309
276
28
451
307
277
29
303
30
449
279
31
435
259
32
427
289
281
33
431
287
34
433
285
283
35
429
249
36
414
318
316
86
37
415
87
38
419
358
138
39
426
420
359
139
40
421
360
140
41
428
422
361
141
42
423
362
142
43
430
424
363
143
44
364
144
45
432
365
145
46
366
146
47
434
367
147
48
368
148
49
436
369
149
50
370
150
51
438
371
151
52
372
152
53
440
373
153
54
154
55
442
375
155
56
376
156
57
444
377
157
58
378
158
59
446
379
159
60
380
160
61
448
381
161
62
382
162
63
450
383
163
64
384
164
65
452
385
165
66
386
166
67
454
387
167
68
237
225
69
241
238
228
70
213
197
172
71
200
194
173
72
190
184
174
73
240
185
175
74
230
179
176
75
221
177
117
76
214
178
134
92
77
203
126
78
193
180
89
79
182
181
84
80
81
183
82
226
83
137
85
186
127
187
188
107
88
189
94
90
191
91
2
192
93
195
95
196
96
97
123
98
246
105
99
243
101
100
4
224
227
102
198
103
199
104
106
231
223
116
108
215
135
109
204
110
111
112
113
114
115
168
169
128
118
170
119
120
121
122
201
3
202
124
125
205
206
207
129
130
247
131
244
132
301
234
208
133
239
229
216
209
210
136
250
211
212
220
217
218
219
171
222
232
233
235
236
248
245
322
324
326
328
330
332
242
334
336
299
398
350
399
348
338
417
400
351
339
416
397
349
340
410
390
346
341
404
389
345
342
407
391
347
343
344
392
388
353
354
356
357
408
405
406
1
295
291
258
401
403
412
394
305
257
297
293
456
418
395
396
