460
465
467
471
475
477
480
484
486
215
230
232
235
239
241
220
222
226
375
376
377
378
379
380
381
382
383
384
385
386
387
388
389
390
391
392
393
394
395
396
397
398
399
400
401
402
403
374
131
132
133
134
135
136
137
138
139
140
141
142
143
144
145
146
147
148
149
150
151
152
153
154
155
156
157
481
462
472
162
163
407
408
158
217
227
236
409
410
411
412
413
414
415
416
417
418
419
420
421
422
423
161
463
470
482
483
485
466
469
474
479
459
464
473
461
476
487
129
225
218
478
166
170
177
21
30
31
164
167
171
172
176
266
275
276
178
165
169
175
237
238
240
406
168
173
174
221
224
229
234
214
219
228
216
231
242
233
3
4
5
6
7
8
9
10
11
12
13
14
15
16
17
18
19
20
247
248
249
250
251
252
253
254
255
256
257
258
259
260
261
262
263
264
265
2
424
179
404
405
22
23
267
268
270
271
272
458
25
27
26
273
274
277
24
269
468
159
160
1
246
32
28
29
223
213
83
84
85
86
87
88
89
90
91
92
93
94
95
96
117
118
119
120
121
122
123
124
125
126
127
128
314
315
316
317
318
319
320
321
322
323
324
325
326
327
328
329
330
331
332
333
334
335
336
339
340
362
363
364
365
366
367
368
371
372
313
74
80
65
66
67
68
69
70
71
72
73
75
76
77
78
79
81
82
98
99
100
101
102
103
104
105
106
107
108
109
110
111
112
113
114
115
116
310
311
312
337
338
341
343
344
345
346
347
348
349
350
351
352
353
354
355
356
357
358
359
360
361
369
370
373
426
427
428
429
430
431
432
433
434
435
436
437
438
439
440
441
442
443
444
445
97
342
33
34
130
181
182
183
184
185
186
187
188
189
190
191
192
193
194
195
196
197
198
199
200
201
202
203
204
205
206
207
208
209
210
211
212
278
279
446
447
448
455
456
449
454
450
452
451
425
180
453
457
35
36
37
38
39
40
41
42
43
44
45
46
47
48
49
50
51
52
53
54
55
56
57
58
59
60
61
62
63
64
280
281
282
283
284
285
286
287
288
289
290
291
292
293
294
295
296
297
298
299
300
301
302
303
304
305
306
307
308
309
245
244
490
489
243
488
