213
458
160
96
128
94
126
158
159
95
127
235
157
93
125
241
156
92
124
215
91
123
155
230
154
90
122
226
153
89
121
239
152
88
120
220
151
87
119
232
150
86
118
222
149
85
117
236
148
84
116
217
147
83
115
227
146
82
114
229
145
81
113
214
144
80
112
339
371
403
338
370
402
480
240
143
79
111
486
337
369
401
400
336
368
460
399
335
367
475
398
334
366
221
471
142
78
110
405
341
373
397
333
365
484
396
332
364
465
395
331
363
231
477
141
77
109
394
330
362
467
329
361
393
219
140
481
108
76
406
328
360
392
404
340
372
462
161
407
327
359
391
472
162
324
356
408
238
388
326
358
485
139
75
107
390
411
474
163
325
357
389
409
459
410
166
164
165
224
138
74
106
323
321
355
353
387
385
464
466
412
322
354
320
414
352
384
386
476
483
167
234
413
169
415
137
73
105
168
170
242
104
72
136
319
383
351
469
317
349
381
487
416
216
318
382
350
479
135
71
103
171
418
316
380
348
461
417
173
172
419
228
174
70
102
134
315
473
347
379
225
69
101
133
420
470
314
346
378
175
313
482
345
377
237
100
68
132
421
176
422
177
463
312
376
344
218
67
99
131
423
178
374
478
223
311
468
233
343
375
310
342
98
66
97
130
65
129
425
424
180
179
32
277
31
276
30
275
29
274
28
273
27
272
26
271
25
270
24
269
23
268
16
261
22
267
21
266
20
265
15
260
19
264
18
263
17
262
12
257
11
256
14
259
13
258
10
255
9
254
7
252
8
253
6
251
5
250
209
207
208
33
278
206
452
204
453
451
210
205
202
449
203
455
200
34
279
450
447
201
198
448
199
196
446
197
194
4
249
195
192
191
193
189
190
188
186
185
187
184
181
182
183
211
212
456
457
454
489
3
248
445
443
444
441
442
439
440
437
436
438
434
435
433
431
430
244
432
429
426
427
428
2
247
35
36
37
38
39
40
41
42
43
44
45
46
47
48
49
50
51
52
53
54
55
56
57
58
59
60
61
62
63
64
280
281
282
283
284
285
286
287
288
289
290
291
292
293
294
295
296
297
298
299
300
301
302
303
304
305
306
307
308
309
245
490
1
246
243
488
