213
244
489
458
245
490
161
406
220
87
119
151
232
86
118
150
222
85
117
149
236
116
148
84
217
115
147
83
227
114
82
146
229
113
81
145
214
112
144
80
240
111
143
79
221
339
371
403
110
78
142
480
338
370
402
486
337
369
401
231
109
77
141
460
336
368
400
475
335
367
399
219
471
108
76
140
334
366
398
162
484
333
365
397
465
163
238
332
364
396
107
139
75
477
331
363
395
164
467
330
362
394
165
341
405
373
166
481
361
224
329
393
106
74
138
462
360
328
392
472
404
340
372
359
327
391
234
167
474
105
73
137
358
326
390
168
459
407
169
357
325
389
242
485
356
324
408
388
170
104
72
136
409
466
355
323
216
387
410
411
103
135
476
71
464
354
322
171
386
353
321
385
483
352
228
172
320
384
412
173
102
70
134
413
414
469
174
351
319
383
225
415
479
101
69
133
350
318
382
487
349
317
381
461
237
175
100
68
416
132
348
316
380
417
176
473
99
67
418
131
218
347
315
379
177
470
419
346
314
378
482
178
98
130
97
66
345
233
313
223
65
377
129
420
344
312
463
376
421
179
180
422
343
311
478
375
374
342
310
468
423
424
425
32
277
31
276
30
275
29
274
28
273
278
279
33
34
27
272
26
271
25
270
309
308
307
306
305
304
303
302
301
300
299
298
297
296
295
294
293
292
291
290
289
288
287
286
285
284
283
282
281
280
24
269
23
64
63
62
61
60
59
58
57
56
55
54
53
52
51
50
49
48
47
46
45
44
43
42
41
40
39
38
37
36
35
268
22
267
21
266
20
265
16
261
19
264
18
15
260
263
209
207
208
206
17
204
262
210
205
202
203
200
454
201
198
199
196
197
194
195
192
191
193
445
12
189
190
443
257
188
444
441
186
187
452
442
185
453
439
451
212
211
449
440
455
181
437
450
184
183
182
447
14
436
259
438
448
11
446
256
434
435
433
13
258
431
432
430
429
426
427
428
456
457
10
255
9
254
7
252
8
253
6
251
5
250
4
249
3
248
2
247
1
246
488
243
94
126
158
235
93
125
157
241
92
124
156
215
91
123
155
230
160
90
122
154
96
128
226
159
95
127
89
121
153
239
88
120
152
