403
339
371
402
480
338
370
401
486
337
369
400
460
336
368
399
475
335
367
94
126
158
398
471
334
366
235
157
93
125
397
241
484
156
92
124
333
365
215
396
155
465
91
123
332
364
230
154
90
122
395
477
331
363
226
153
89
121
394
458
467
330
362
239
152
88
120
393
481
405
329
361
341
373
220
404
151
340
372
87
119
213
392
462
328
360
232
150
86
118
222
391
149
85
117
472
327
359
407
160
96
128
236
159
95
127
84
148
116
390
474
326
358
408
217
147
83
115
162
389
459
325
357
409
227
146
82
114
163
388
485
410
324
356
229
145
81
113
164
411
387
466
214
323
355
144
80
112
165
412
240
386
143
79
111
476
166
322
354
221
413
142
78
110
167
385
464
321
353
231
141
414
77
109
168
384
483
320
352
219
140
76
108
415
169
383
469
319
351
238
406
139
75
107
170
416
382
479
318
350
224
138
74
106
171
417
161
381
487
317
234
349
137
73
105
172
418
242
380
136
72
461
104
316
348
173
419
216
135
71
103
379
174
473
315
347
420
228
134
70
102
175
378
470
314
346
421
225
176
133
69
101
377
482
313
345
422
237
132
68
100
177
463
376
423
218
312
344
178
131
67
99
478
233
424
375
311
343
66
98
179
130
32
277
31
276
30
275
29
274
223
28
273
425
468
27
272
65
180
374
129
97
26
271
310
342
25
270
24
269
23
268
22
267
21
266
20
265
19
264
18
263
17
262
16
261
15
260
14
259
13
258
12
257
11
256
10
255
209
207
208
454
206
452
453
451
204
210
205
449
455
9
202
254
450
203
447
200
448
201
445
198
446
199
443
196
444
197
441
194
442
195
439
8
192
253
440
191
193
437
436
438
189
190
188
434
435
433
186
185
187
431
7
252
430
432
184
181
182
183
429
426
427
428
211
212
456
457
6
251
5
250
4
33
34
249
278
279
35
36
37
38
39
40
41
42
43
44
45
46
47
48
49
50
51
52
53
54
55
56
57
58
59
60
61
62
63
64
280
281
282
283
284
285
286
287
288
289
290
291
292
293
294
295
296
297
298
299
300
301
302
303
304
305
306
307
308
309
3
248
2
247
1
246
243
244
245
488
489
490
