213
458
406
161
459
464
466
472
473
479
483
487
461
462
469
470
474
476
481
486
460
475
477
484
465
467
471
485
480
482
214
215
219
221
227
228
230
232
234
236
238
239
241
242
216
217
220
222
224
225
226
229
231
240
342
235
361
374
237
310
343
344
345
346
347
348
349
350
351
352
353
354
355
357
358
359
360
468
339
371
393
311
312
313
314
315
316
317
318
319
320
321
322
323
325
326
327
328
329
338
356
370
375
376
377
378
379
380
381
382
383
384
385
386
387
389
390
391
392
403
463
478
94
126
330
331
332
333
334
335
336
337
362
363
364
365
366
367
368
369
158
324
388
402
116
394
395
396
397
398
399
400
401
97
99
100
101
102
103
104
105
106
107
108
109
110
112
113
114
115
148
67
68
69
70
71
72
73
74
75
76
77
78
80
81
82
83
84
85
86
87
88
89
90
91
92
93
111
117
118
119
120
121
122
123
124
125
129
131
132
133
134
135
136
137
138
139
140
141
142
144
145
146
147
218
79
143
149
150
151
152
153
154
155
156
157
65
98
130
223
66
233
96
128
160
95
127
159
32
277
2
3
10
16
18
20
255
341
373
4
5
6
7
8
9
11
12
13
14
15
17
19
21
22
23
24
25
26
27
28
29
30
31
247
248
249
250
251
252
253
254
256
257
258
259
260
261
262
263
264
265
266
267
268
269
270
271
272
273
274
275
276
405
1
176
178
246
33
34
162
163
164
165
166
167
168
169
170
171
172
173
174
175
177
179
180
181
182
183
184
185
186
187
188
189
190
191
192
193
194
195
196
197
198
199
200
201
202
203
204
205
206
207
208
209
210
211
212
278
279
340
372
404
407
408
409
410
411
412
413
414
415
416
417
418
419
420
421
422
423
424
425
426
427
428
429
430
431
432
433
434
435
436
437
438
439
440
441
442
443
444
445
446
447
448
449
450
451
452
453
454
455
456
457
35
36
37
38
39
40
41
42
43
44
45
46
47
48
49
50
51
52
53
54
55
56
57
58
59
60
61
62
63
64
243
280
281
282
283
284
285
286
287
288
289
290
291
292
293
294
295
296
297
298
299
300
301
302
303
304
305
306
307
308
309
488
244
245
489
490
