294
1635
1364
292
916
265
915
842
969
290
522
913
865
267
264
271
424
340
306
986
291
1636
324
594
1002
498
293
398
238
286
531
281
266
957
966
488
853
1296
423
268
1182
263
1544
908
452
701
1132
302
288
985
1417
1634
296
425
149
912
554
814
239
917
998
1116
237
1372
1012
873
310
956
269
270
1092
502
658
280
893
981
1360
980
794
304
272
1181
451
1021
516
175
1536
1273
1056
881
657
108
1546
1540
1382
699
1415
993
843
422
897
311
1541
593
433
973
909
931
1084
1294
1411
399
289
1237
1286
225
1024
1036
530
1548
1030
1180
1029
440
1402
287
224
1281
1373
213
929
1302
228
279
222
1413
854
1418
834
210
994
1009
1496
236
211
1370
414
514
914
273
979
480
1295
298
1545
1299
1022
1187
1186
1274
1272
1403
339
953
552
307
295
1177
305
199
815
107
104
1528
300
191
1365
303
961
84
364
187
991
598
992
700
1633
390
72
1070
312
841
1350
150
208
366
365
1025
1287
415
223
585
507
344
247
1405
874
1379
864
901
1380
229
248
1123
862
214
246
221
965
241
484
334
336
793
1511
277
482
1007
479
167
156
158
1239
970
358
215
320
274
486
262
441
438
518
861
1174
1437
1188
1401
866
1303
730
130
1363
1269
1348
354
906
207
353
1367
568
212
616
831
1465
106
1011
103
183
602
689
685
299
816
203
96
817
698
200
188
824
597
515
727
397
1246
726
855
426
285
391
1591
955
71
1520
1172
1351
497
728
1412
1088
1410
869
806
984
971
421
572
343
226
743
443
784
959
967
1038
342
1039
341
586
529
520
925
506
1231
1282
505
234
884
902
1371
387
220
245
910
1301
386
142
243
1394
1091
1297
144
240
1080
1097
335
1247
835
244
1062
891
848
1122
898
1510
589
1359
1010
1005
48
148
282
147
1160
1551
487
166
978
155
1166
511
326
157
314
448
896
322
1183
762
1375
1374
1184
962
171
301
219
404
218
1323
337
1066
1429
1332
1304
450
132
559
524
129
1271
454
1427
1111
1428
1000
674
622
1543
338
907
1318
879
464
905
690
1128
564
1631
1398
771
752
198
1176
316
770
429
128
1414
688
1603
1457
196
686
460
1533
235
190
725
83
1563
459
1469
323
1416
363
1043
95
463
186
92
444
1404
911
437
746
745
744
1524
1071
231
1506
355
847
523
328
1579
1521
500
1352
1327
1407
650
921
1003
785
1539
1293
1409
870
1240
649
1058
1406
747
733
483
532
1554
810
1026
473
742
24
472
1113
1243
1288
1290
1298
1285
1171
858
857
1291
1232
242
1355
278
1547
563
434
1354
661
1537
519
1425
1369
232
361
476
894
883
1162
1378
928
663
309
367
1498
1120
521
1095
230
1513
375
122
1074
590
759
826
332
317
143
1008
1501
1386
1358
275
68
1126
140
47
181
679
643
477
180
930
1052
977
1549
1552
1131
165
44
357
1310
430
757
60
1242
12
517
1068
675
11
1067
1047
1322
1307
1433
394
325
1175
439
1315
359
1629
820
783
360
542
131
308
1460
1277
1306
1112
697
823
284
541
283
878
170
1534
176
1270
1426
1331
413
1276
453
1408
1335
769
767
538
1268
1461
751
369
722
567
1267
217
880
614
315
723
1238
1064
370
351
327
195
105
1527
772
680
626
297
610
182
1525
1368
204
100
99
724
94
1468
91
776
227
856
76
75
608
492
1507
813
442
1073
1054
786
738
499
1013
1328
840
729
1096
1383
1517
982
740
1538
1087
209
749
871
620
732
362
983
1387
624
731
428
420
23
1037
1034
471
1202
1356
753
1055
662
809
118
990
253
1031
1015
1280
478
254
903
890
347
252
1381
1227
1103
1500
388
801
838
436
1121
1393
844
773
159
1079
1390
403
1497
401
121
1344
904
501
346
640
1473
591
659
321
1361
1006
427
1204
276
70
1597
1553
1178
67
1169
1168
46
1599
36
1623
646
1550
654
154
976
974
1598
867
393
1004
510
639
570
164
43
576
481
975
756
435
59
1185
385
10
807
574
882
924
329
172
261
1472
1314
1630
702
1432
1173
754
1436
968
392
257
173
819
80
1587
1459
384
319
822
1320
258
606
174
681
1057
818
1622
539
1275
1596
1621
999
1366
1001
1130
1595
1016
526
1127
216
1529
1018
1397
135
1464
352
1347
1463
944
671
1244
197
932
1593
1594
318
1399
621
184
1586
1526
1458
1571
601
1362
82
432
584
383
1562
1135
996
1567
98
1027
1110
462
1584
1452
1236
919
1558
508
960
933
1509
74
1523
787
947
1522
805
632
116
673
923
496
1014
1479
1583
1300
804
412
885
1519
1384
859
736
811
1516
1085
1083
735
1505
952
887
860
797
1626
1625
1235
927
926
571
513
1023
558
1590
1388
1033
1035
1589
958
22
666
20
949
255
1032
126
1284
120
431
1226
1376
485
233
345
1289
256
988
251
1575
1125
763
1395
1499
475
734
1136
474
1102
141
1488
846
1060
899
378
1573
1486
124
937
123
374
333
997
250
1099
560
1094
964
827
1159
604
1170
146
1624
645
179
1167
1466
936
35
644
618
32
1117
1400
631
447
578
544
138
625
1309
382
676
1148
381
1592
395
1308
1165
761
112
1321
693
1316
396
111
717
1228
546
672
9
1339
1435
1340
600
1189
79
1207
845
781
169
1206
1471
792
389
330
1627
750
605
1140
1542
553
534
1336
1109
768
660
665
1324
678
1098
670
449
669
941
313
1241
1317
1495
628
456
687
102
668
194
1305
535
1569
1570
615
205
627
775
458
202
780
1257
583
1585
774
201
1565
995
777
1156
189
97
1561
93
1559
638
1451
943
667
942
1233
1467
1230
1262
527
504
493
88
73
1508
494
87
495
696
1053
1480
939
739
595
1582
416
1604
1283
1072
839
1292
1078
895
1089
1518
1504
748
1502
562
1503
1223
1222
468
796
1489
1535
721
528
19
987
119
808
989
587
1104
161
512
948
1490
1574
1217
1532
1357
633
1061
1581
653
400
863
1090
800
117
1580
828
373
1075
56
1343
592
372
1093
1100
758
331
64
69
1605
145
63
153
45
34
1588
580
40
31
1050
692
617
39
1215
1205
1154
1048
1632
1152
1234
922
162
137
58
1572
1138
1483
694
1420
575
1245
260
1229
573
356
1108
110
1438
1147
259
1330
599
755
782
1477
1146
1560
1208
1312
1628
1608
1144
825
1020
1448
1319
1419
1349
1311
1256
1139
537
1450
206
1254
1334
710
892
1129
682
136
8
1114
612
1115
1456
405
877
1555
185
1494
101
1249
193
1081
1512
192
1530
1258
1134
1046
1568
1564
1045
1044
1620
1259
1619
1578
1155
832
695
461
410
489
1443
1263
609
1618
607
705
1442
829
1266
86
812
833
15
940
1602
1441
938
737
569
540
1515
836
837
1069
677
900
868
549
886
1481
803
623
760
656
557
21
1607
875
795
548
1606
918
920
655
1019
1423
741
551
1396
379
830
1124
377
1476
963
1063
1391
550
1077
409
249
55
1440
1157
1389
1028
1210
139
168
66
62
619
178
152
972
1049
579
38
1377
509
1484
1151
709
707
543
577
588
1137
1065
703
1439
13
1434
1333
1313
1611
716
109
1610
1209
1163
1609
1446
1601
1145
1447
1143
684
1430
664
1353
565
1253
1252
408
1462
7
1346
611
1482
533
1179
1250
876
350
779
536
455
1224
1493
1260
81
457
1264
1161
368
90
490
402
1248
1557
1196
648
1265
470
637
1421
491
85
1345
14
951
596
1042
889
799
1385
125
1086
950
798
52
1514
51
1617
115
467
954
1616
1576
561
1474
503
1279
720
1615
1614
1101
766
446
1613
765
764
718
1612
872
1200
850
613
652
1199
1198
1392
1076
603
1444
177
160
419
61
65
33
1153
849
630
42
821
37
1475
163
57
706
888
1566
1164
411
545
555
134
1431
78
719
713
1221
711
791
1600
1255
790
636
1251
788
1455
789
1261
1454
1422
371
89
1556
1219
642
1195
1119
469
1190
1051
1329
1041
407
1326
1133
1107
113
1017
50
1577
715
556
1445
127
18
1278
1424
945
445
1531
1214
1059
28
27
1213
1212
852
406
851
151
1342
691
1197
1211
380
41
629
1150
934
1225
582
133
581
1478
1142
77
712
1338
683
1337
1449
6
5
418
1201
778
634
1220
525
1485
1192
1194
16
714
1341
641
1040
466
1082
114
49
1106
566
17
1470
1105
1487
1203
26
1491
54
935
30
651
1149
708
704
1141
417
1193
3
2
1
1453
1325
1216
1218
1158
647
1191
376
465
1118
802
4
25
1492
53
29
348
635
547
349
946
