19
65
83
95
249
252
299
300
301
302
303
304
305
306
307
308
309
310
311
312
313
314
315
330
331
332
333
334
335
336
337
338
339
340
341
342
343
344
345
346
347
348
349
350
351
352
353
359
364
365
366
367
368
369
370
371
372
373
374
375
376
377
380
397
398
400
433
445
446
447
448
449
450
451
452
454
457
599
602
649
650
651
652
653
654
655
656
657
658
659
660
661
662
663
664
665
680
681
682
683
684
685
686
687
688
689
690
691
692
693
694
695
696
697
698
699
700
701
702
703
709
714
715
716
717
718
719
720
721
722
723
724
725
726
727
730
747
748
750
783
795
796
797
798
799
800
801
802
804
807
949
952
999
1000
1001
1002
1003
1004
1005
1006
1007
1008
1009
1010
1011
1012
1013
1014
1030
1031
1032
1033
1034
1035
1036
1037
1038
1039
1040
1041
1042
1043
1044
1045
1046
1047
1048
1049
1050
1051
1052
1053
1059
1064
1065
1066
1067
1068
1069
1070
1071
1072
1073
1074
1075
1076
1077
1080
1097
1098
1100
1133
1145
1146
1147
1148
1149
1150
1151
1152
1154
1157
1299
1302
1349
1350
1351
1352
1353
1354
1355
1356
1357
1358
1359
1360
1361
1362
1363
1364
1380
1381
1382
1383
1384
1385
1386
1387
1388
1389
1390
1391
1392
1393
1394
1395
1396
1397
1398
1399
1400
1401
1402
1403
1409
1414
1415
1416
1417
1418
1419
1420
1421
1422
1423
1424
1425
1426
1427
1430
1447
1448
1450
1483
1495
1496
1497
1498
1499
1500
1501
1502
1504
1507
1613
21
30
253
603
953
1015
1303
1365
1614
22
23
24
25
26
27
28
29
31
32
33
34
35
36
37
38
20
1564
3
1612
4
2
1563
16
17
1562
18
1
1625
1635
1624
1636
64
82
47
92
1601
5
247
597
947
1297
1602
164
316
405
444
514
666
755
794
864
1016
1105
1144
1214
1366
1455
1494
1604
1603
6
1606
1605
12
1607
8
1611
13
7
15
1608
453
803
1153
1503
1609
10
9
11
1610
14
96
97
98
99
100
101
102
103
104
105
106
107
120
121
122
123
124
125
126
127
128
129
130
131
147
142
156
141
137
149
138
148
155
401
160
132
159
162
250
378
512
600
728
862
950
1078
1212
1300
1428
140
161
139
154
158
109
110
145
443
439
440
441
442
108
134
143
150
152
157
136
93
357
455
707
805
1057
1155
1407
1505
144
146
151
153
133
135
111
112
113
751
246
596
946
1296
48
50
52
54
56
58
60
62
66
68
70
72
74
76
78
80
1582
1591
1600
354
704
1054
1404
1623
1634
1573
245
595
945
1295
319
1615
1616
1617
1618
1619
1620
1621
1622
1626
1627
1628
1629
1630
1631
1632
1633
244
594
944
1294
114
115
116
243
593
943
1293
49
51
53
55
57
59
61
63
67
69
71
73
75
77
79
81
94
163
248
251
358
379
456
513
598
601
708
729
793
806
863
948
951
1058
1079
1101
1156
1213
1298
1301
1408
1429
1506
117
118
119
789
790
791
792
242
592
942
1292
318
241
591
941
1291
1451
320
321
322
323
39
40
41
42
43
44
45
46
84
85
86
87
88
89
90
91
240
590
940
1290
239
589
939
1289
1143
1139
1140
1141
1142
506
856
1206
1556
507
857
1207
1557
1493
238
588
938
1288
508
858
1208
1558
1489
1490
1491
1492
360
710
1060
1410
237
587
937
1287
231
232
581
582
931
932
1281
1282
233
583
933
1283
234
235
584
585
934
935
1284
1285
236
586
936
1286
1594
1593
1592
1595
1585
1584
1583
1586
213
214
563
564
913
914
1263
1264
215
565
915
1265
1576
216
217
566
567
916
917
1266
1267
1575
1574
218
568
918
1268
210
211
560
561
910
911
1260
1261
212
562
912
1262
1577
1598
1599
1589
1590
1596
1597
1580
774
1124
1474
1581
776
1126
1476
1587
1588
775
1125
1475
424
426
1567
1566
1565
1568
425
1578
1579
225
226
575
576
925
926
1275
1276
227
577
927
1277
228
229
578
579
928
929
1278
1279
230
580
930
1280
669
777
1127
1477
1571
222
223
572
573
922
923
1272
1273
224
574
924
1274
779
1129
1479
1572
219
220
569
570
919
920
1269
1270
221
571
921
1271
207
208
557
558
907
908
1257
1258
209
559
909
1259
778
1128
1478
287
289
637
639
987
989
1337
1339
427
288
638
988
1338
429
428
393
394
395
743
744
745
1093
1094
1095
1443
1444
1445
1569
1570
668
1019
670
671
672
673
1369
459
809
1159
1509
198
199
201
202
548
549
551
552
898
899
901
902
1248
1249
1251
1252
1018
200
203
550
553
900
903
1250
1253
768
771
1118
1121
1468
1471
195
196
545
546
895
896
1245
1246
362
712
1062
1412
197
547
897
1247
418
421
1368
770
773
1120
1123
1470
1473
469
819
1169
1519
1020
1021
1022
1023
356
361
420
423
706
711
1056
1061
1406
1411
296
298
646
648
996
998
1346
1348
284
286
634
636
984
986
1334
1336
297
647
997
1347
285
635
985
1335
769
772
1119
1122
1469
1472
419
422
204
205
554
555
904
905
1254
1255
1370
1371
1372
1373
293
295
643
645
993
995
1343
1345
206
556
906
1256
294
644
994
1344
468
818
1168
1518
467
817
1167
1517
290
292
640
642
990
992
1340
1342
291
641
991
1341
466
816
1166
1516
458
808
1158
1508
465
815
1165
1515
381
382
383
731
732
733
1081
1082
1083
1431
1432
1433
464
814
1164
1514
756
1106
1456
758
1108
1458
762
1112
1462
757
1107
1457
406
408
764
1114
1464
407
412
763
1113
1463
390
391
392
740
741
742
1090
1091
1092
1440
1441
1442
414
254
256
604
606
954
956
1304
1306
463
813
1163
1513
759
1109
1459
413
761
1111
1461
260
262
610
612
960
962
1310
1312
255
605
955
1305
409
760
1110
1460
411
257
259
607
609
957
959
1307
1309
410
261
611
961
1311
258
608
958
1308
462
812
1162
1512
387
388
389
737
738
739
1087
1088
1089
1437
1438
1439
269
271
619
621
969
971
1319
1321
384
385
386
734
735
736
749
752
754
1084
1085
1086
1099
1102
1104
1434
1435
1436
1449
1452
1454
329
679
1029
1379
270
620
970
1320
399
402
404
266
268
616
618
966
968
1316
1318
267
617
967
1317
753
1103
1453
461
765
811
1115
1161
1465
1511
767
1117
1467
766
1116
1466
415
417
416
263
265
613
615
963
965
1313
1315
328
678
1028
1378
264
614
964
1314
272
274
622
624
972
974
1322
1324
273
623
973
1323
460
810
1160
1510
784
1134
1484
509
859
1209
1559
785
1135
1485
434
853
1203
1553
503
850
1200
1550
435
510
860
1210
1560
470
473
476
479
482
485
488
491
494
497
820
823
826
829
832
835
838
841
844
847
1170
1173
1176
1179
1182
1185
1188
1191
1194
1197
1520
1523
1526
1529
1532
1535
1538
1541
1544
1547
500
854
1204
1554
504
851
1201
1551
501
471
474
477
480
483
486
489
492
495
498
821
824
827
830
833
836
839
842
845
848
1171
1174
1177
1180
1183
1186
1189
1192
1195
1198
1521
1524
1527
1530
1533
1536
1539
1542
1545
1548
786
1136
1486
511
861
1211
1561
855
1205
1555
505
852
1202
1552
436
502
787
1137
1487
472
475
478
481
484
487
490
493
496
499
822
825
828
831
834
837
840
843
846
849
1172
1175
1178
1181
1184
1187
1190
1193
1196
1199
1522
1525
1528
1531
1534
1537
1540
1543
1546
1549
437
788
1138
1488
281
283
631
633
981
983
1331
1333
282
632
982
1332
355
403
438
705
1055
1405
713
746
1063
1096
1413
1446
363
396
780
1130
1480
275
277
625
627
975
977
1325
1327
782
1132
1482
278
280
628
630
978
980
1328
1330
326
327
676
677
1026
1027
1376
1377
430
276
626
976
1326
781
1131
1481
432
279
629
979
1329
431
325
675
1025
1375
324
674
1024
1374
171
172
174
175
521
522
524
525
871
872
874
875
1221
1222
1224
1225
177
178
180
181
183
184
186
187
527
528
530
531
533
534
536
537
877
878
880
881
883
884
886
887
1227
1228
1230
1231
1233
1234
1236
1237
173
176
523
526
873
876
1223
1226
165
166
168
169
179
182
185
188
515
516
518
519
529
532
535
538
865
866
868
869
879
882
885
888
1215
1216
1218
1219
1229
1232
1235
1238
167
170
517
520
867
870
1217
1220
317
667
1017
1367
189
190
192
193
539
540
542
543
889
890
892
893
1239
1240
1242
1243
191
194
541
544
891
894
1241
1244
