586
584
585
236
234
235
936
934
935
1286
1284
1285
568
566
567
218
216
217
918
916
917
1268
1266
1267
583
581
582
233
231
232
933
931
932
1283
1281
1282
562
560
561
212
210
211
912
910
911
1262
1260
1261
565
563
564
215
213
214
915
913
914
1265
1263
1264
580
578
579
230
228
229
930
928
929
1280
1278
1279
574
572
573
224
222
223
924
922
923
1274
1272
1273
577
575
576
227
225
226
927
925
926
1277
1275
1276
571
569
570
221
219
220
921
919
920
1271
1269
1270
638
637
639
288
988
287
289
987
989
1338
1337
1339
559
557
558
209
909
207
208
907
908
1259
1257
1258
641
640
642
291
991
290
292
990
992
1341
1340
1342
644
643
645
294
994
293
295
993
995
1344
1343
1345
635
634
636
285
985
284
286
984
986
1335
1334
1336
1600
1591
1582
1573
679
329
1029
1379
623
622
624
273
973
272
274
972
974
1323
1322
1324
617
616
618
267
967
266
268
966
968
1317
1316
1318
620
619
621
270
970
269
271
969
971
1320
605
1319
1321
604
606
255
955
254
256
954
956
1305
647
1304
1306
614
297
997
646
648
1347
296
298
996
998
613
615
1346
1348
264
964
263
265
963
965
1314
1313
1315
611
608
610
612
607
609
261
258
961
958
260
262
257
259
960
962
957
959
1311
1308
1310
1312
1307
1309
632
631
633
282
982
281
283
981
983
1332
1331
1333
1599
1598
1590
1593
1595
1589
1594
1592
1584
1586
1585
1583
1581
1580
1575
1577
1576
1574
1572
1571
1597
1596
1566
1568
1567
1565
1588
1587
626
625
627
276
976
275
277
975
977
1326
1325
1327
629
628
630
279
979
278
280
978
980
1329
1328
1330
1579
1578
1570
1569
678
328
1028
1378
427
777
428
778
429
779
1127
1128
1129
1477
1478
1479
424
774
425
775
426
776
1124
1125
1126
1474
1475
406
1476
756
407
757
408
758
1106
415
765
1107
1108
416
766
417
767
1456
1457
1458
1115
412
409
762
759
1116
1117
734
735
736
384
385
386
1084
1085
1086
1434
1435
1436
413
410
763
760
414
411
764
761
737
738
739
387
388
389
1087
1088
1089
1437
1438
1439
1465
1112
1109
1466
1467
1113
1110
1114
1111
508
858
1208
1558
1462
1459
507
857
1207
1557
506
856
1206
1556
1463
1460
1464
1461
743
744
745
393
394
395
1093
1094
1095
1443
1444
1445
206
556
906
1256
204
205
554
555
904
905
1254
1255
1369
1368
1370
1371
1372
1373
117
118
119
1451
430
780
197
547
897
1247
195
196
545
546
895
896
1245
1246
431
781
432
782
1130
1131
1132
191
541
891
1241
194
544
894
1244
189
190
539
540
889
890
1239
1240
192
193
542
543
892
893
1242
1243
246
596
946
1296
245
595
945
1295
114
115
116
244
594
944
1294
243
593
943
1293
242
592
942
1292
241
591
941
1291
1480
240
590
940
1290
1101
1481
239
589
939
1289
1482
203
553
903
1253
200
550
900
1250
201
202
551
552
901
902
1251
1252
198
199
548
549
898
899
1248
1249
238
588
938
1288
237
587
937
1287
1019
1018
1020
1021
1022
1023
434
784
112
113
111
1134
751
1484
669
668
670
671
672
673
179
529
879
1229
177
178
527
528
877
878
1227
1228
176
526
876
1226
167
182
517
532
867
882
1217
1232
170
520
870
1220
174
175
524
525
874
875
1224
1225
165
166
180
181
515
516
530
531
865
866
880
881
1215
1216
1230
1231
168
169
518
519
868
869
1218
1219
173
523
873
1223
185
535
885
1235
188
538
888
1238
171
172
521
522
871
872
1221
1222
183
184
533
534
883
884
1233
1234
186
187
536
537
886
887
1236
1237
740
741
742
390
391
392
1090
1091
1092
1440
1441
1442
731
732
733
667
381
382
383
1081
1082
1083
317
1017
674
1431
1432
1433
1367
324
1024
675
1374
676
325
1025
326
1026
1375
677
1376
327
1027
1377
418
421
768
771
1493
1489
1490
1491
1492
1118
1121
769
772
419
422
420
423
770
773
1119
1122
1120
1123
1468
1471
142
137
149
156
160
1469
1472
138
141
148
155
159
1470
1473
140
161
139
154
158
108
109
110
136
143
150
157
1143
1139
1140
1141
1142
505
855
502
852
504
854
501
503
851
853
500
401
850
1205
1202
1204
1201
1203
1200
1555
247
597
947
1297
1552
1554
1551
1553
1550
15
11
14
13
12
1611
1610
1609
1608
453
803
1153
1503
10
469
819
1169
1519
9
793
468
818
1168
1518
438
789
790
791
792
788
467
817
1167
1517
459
809
1159
1509
437
787
466
816
1166
1516
436
786
465
815
1165
1515
435
1138
785
360
710
1060
1410
464
814
1164
1514
1601
1137
1624
1636
1602
463
813
1163
1513
319
1136
318
320
321
322
323
1488
462
812
1162
1512
1135
1625
1635
1607
64
82
1487
461
811
1161
1511
511
861
1211
1561
47
92
1486
363
396
713
746
399
402
404
749
752
754
510
860
1210
1560
1485
460
810
1160
1510
509
859
1209
1559
472
487
490
493
822
837
840
843
1172
1187
1190
1193
1522
1537
1540
1543
475
478
825
828
1175
1178
1525
1528
484
834
1184
1534
481
831
1181
1531
496
499
846
849
1196
1199
1546
1549
1063
1096
1099
1102
1104
471
486
489
492
821
836
839
842
1171
1186
1189
1192
1521
1536
1539
1542
474
477
824
827
1174
1177
1524
1527
483
833
1183
1533
480
830
1180
1530
495
498
845
848
1195
1198
1545
1548
1606
8
470
485
488
491
820
835
838
841
1170
1185
1188
1191
1520
1535
1538
1541
473
476
823
826
1173
1176
1523
1526
482
832
1182
1532
479
829
1179
1529
494
497
844
847
1194
1197
1544
1547
7
145
134
152
133
135
144
146
151
153
1413
1446
1449
1452
1454
1605
16
17
1603
1604
147
132
362
712
1062
1412
6
361
711
1061
1411
458
808
1158
1508
5
443
439
440
441
442
48
50
52
54
56
58
60
62
66
68
70
72
74
76
78
80
39
40
41
42
43
44
45
46
84
85
86
87
88
89
90
91
1562
1615
1616
1617
1618
1619
1620
1621
1622
1623
1626
1627
1628
1629
1630
1631
1632
1633
1634
100
101
102
103
104
105
106
107
96
97
98
99
1563
120
121
122
123
124
125
126
127
128
129
130
131
1564
2
1612
4
3
18
93
354
357
455
704
707
805
1054
1057
1155
1404
1407
1505
1
162
250
378
512
600
728
862
950
1078
1212
1300
1428
1614
21
22
23
24
25
26
27
28
29
30
31
32
33
34
35
36
37
38
20
445
446
447
448
449
450
451
452
454
795
796
797
798
799
800
801
802
804
1145
1146
1147
1148
1149
1150
1151
1152
1154
1495
1496
1497
1498
1499
1500
1501
1502
1504
1015
1365
253
315
330
332
334
336
338
340
342
344
346
348
350
352
366
368
370
372
374
376
603
665
680
682
684
686
688
690
692
694
696
698
700
702
716
718
720
722
724
726
953
1030
1032
1034
1036
1038
1040
1042
1044
1046
1048
1050
1052
1066
1068
1070
1072
1074
1076
1303
1380
1382
1384
1386
1388
1390
1392
1394
1396
1398
1400
1402
1416
1418
1420
1422
1424
1426
299
301
303
305
307
309
311
313
649
651
653
655
657
659
661
663
999
1001
1003
1005
1007
1009
1011
1013
1349
1351
1353
1355
1357
1359
1361
1363
433
783
1133
1483
19
49
51
53
55
57
59
61
63
65
67
69
71
73
75
77
79
81
83
94
95
163
164
248
249
251
252
300
302
304
306
308
310
312
314
316
331
333
335
337
339
341
343
345
347
349
351
353
355
356
358
359
364
365
367
369
371
373
375
377
379
380
397
398
400
403
405
444
456
457
513
514
598
599
601
602
650
652
654
656
658
660
662
664
666
681
683
685
687
689
691
693
695
697
699
701
703
705
706
708
709
714
715
717
719
721
723
725
727
729
730
747
748
750
753
755
794
806
807
863
864
948
949
951
952
1000
1002
1004
1006
1008
1010
1012
1014
1016
1031
1033
1035
1037
1039
1041
1043
1045
1047
1049
1051
1053
1055
1056
1058
1059
1064
1065
1067
1069
1071
1073
1075
1077
1079
1080
1097
1098
1100
1103
1105
1144
1156
1157
1213
1214
1298
1299
1301
1302
1350
1352
1354
1356
1358
1360
1362
1364
1366
1381
1383
1385
1387
1389
1391
1393
1395
1397
1399
1401
1403
1405
1406
1408
1409
1414
1415
1417
1419
1421
1423
1425
1427
1429
1430
1447
1448
1450
1453
1455
1494
1506
1507
1613
