16
17
21
30
148
149
155
158
159
160
1615
1616
1617
1618
1619
1620
1621
1622
1623
1624
1625
1626
1627
1628
1629
1630
1631
1632
1633
1634
1635
1636
156
142
141
150
157
143
140
348
349
350
351
352
353
698
699
700
701
702
703
1048
1049
1050
1051
1052
1053
1398
1399
1400
1401
1402
1403
342
343
344
345
346
347
692
693
694
695
696
697
1042
1043
1044
1045
1046
1047
1392
1393
1394
1395
1396
1397
330
331
332
333
334
335
680
681
682
683
684
685
1030
1031
1032
1033
1034
1035
1380
1381
1382
1383
1384
1385
336
337
338
339
340
341
686
687
688
689
690
691
1036
1037
1038
1039
1040
1041
1386
1387
1388
1389
1390
1391
356
706
1056
1406
144
145
146
151
152
153
136
138
147
137
139
13
132
133
134
135
355
1055
1405
705
15
12
14
454
804
1504
1154
364
365
714
715
1064
1065
1414
1415
397
398
747
748
1097
1098
1447
1448
446
447
445
448
449
450
451
452
796
797
795
798
799
800
801
802
1146
1147
1496
1497
1145
1148
1495
1498
1499
1500
1149
1150
1501
1502
1151
1152
302
304
306
300
310
308
314
312
789
790
791
792
324
325
326
327
328
329
1002
1004
1352
1354
652
654
1006
1000
1356
1350
656
650
1489
1490
1491
1492
1010
1008
1360
1358
660
658
1014
1012
1364
1362
664
662
1139
1140
1141
1142
669
439
440
441
442
670
671
672
673
1369
111
112
113
117
118
119
114
115
116
1019
1370
1371
1372
1373
319
435
436
437
438
1020
1021
1022
1023
320
321
322
323
751
1451
785
786
787
788
1485
1486
1487
1488
1101
401
108
109
110
1135
1136
1137
1138
161
678
1029
1028
1024
1025
1026
1027
1379
1378
1374
1375
1376
1377
679
674
675
676
677
96
97
98
99
100
101
102
103
104
105
106
107
120
121
122
123
124
125
126
127
128
129
130
131
1565
1566
1567
1568
1569
1570
1571
1572
1574
1575
1576
1577
1578
1579
1580
1581
1583
1584
1585
1586
1587
1588
1589
1590
1592
1593
1594
1595
1596
1597
1598
1599
316
1016
1366
666
418
419
420
1118
1119
1120
1468
1469
1470
768
769
770
400
421
422
423
1121
1122
1123
1471
1472
1473
771
772
773
1611
509
510
511
859
860
861
1559
1560
1561
1209
1210
1211
928
929
930
1278
1279
1280
228
229
230
578
579
580
922
923
924
1272
1273
1274
222
223
224
572
573
574
934
935
936
1284
1285
1286
1602
234
235
236
584
585
586
925
926
927
1275
1276
1277
225
226
227
575
576
577
919
920
921
1269
1270
1271
219
220
221
569
570
571
931
932
933
1281
1282
1283
231
232
233
581
582
583
913
914
915
1263
1264
1265
213
214
215
563
564
565
916
917
918
1266
1267
1268
216
217
218
566
567
568
1450
750
1573
1582
1591
1600
668
1613
1100
2
19
1562
453
803
1608
1609
1503
1153
1610
1368
990
991
992
1340
1341
1342
290
291
292
640
641
642
1018
1601
318
910
911
912
1260
1261
1262
210
211
212
560
561
562
366
367
368
369
370
371
372
373
374
375
376
377
716
717
718
719
720
721
722
723
724
725
726
727
1066
1067
1068
1069
1070
1071
1072
1073
1074
1075
1076
1077
1416
1417
1418
1419
1420
1421
1422
1423
1424
1425
1426
1427
399
987
988
989
1337
1338
1339
287
288
289
637
638
639
424
425
426
154
774
775
776
1474
1475
1476
1124
1125
1126
6
1607
907
908
909
1257
1258
1259
207
208
209
557
558
559
984
985
986
1334
1335
1336
284
285
286
634
635
636
889
890
891
892
893
894
1239
1240
1241
1242
1243
1244
189
190
191
192
193
194
539
540
541
542
543
544
11
387
388
389
737
738
739
1087
1088
1089
1437
1438
1439
266
267
268
616
617
618
966
967
968
1316
1317
1318
275
276
277
625
626
627
975
976
977
1325
1326
1327
390
391
392
740
741
742
1090
1091
1092
1440
1441
1442
5
427
428
429
777
778
779
1477
1478
1479
1127
1128
1129
272
273
274
622
623
624
972
973
974
1322
1323
1324
444
794
1606
1494
1144
1604
10
1605
8
165
166
167
168
169
170
171
172
173
515
516
517
518
519
520
521
522
523
174
175
176
177
178
179
524
525
526
527
528
529
180
181
182
183
184
185
186
187
188
530
531
532
533
534
535
536
537
538
1603
784
1484
1134
9
780
781
782
1480
1481
1482
1130
1131
1132
430
431
432
7
434
865
866
867
868
869
870
871
872
873
1215
1216
1217
1218
1219
1220
1221
1222
1223
874
875
876
877
878
879
1224
1225
1226
1227
1228
1229
880
881
882
883
884
885
886
887
888
1230
1231
1232
1233
1234
1235
1236
1237
1238
969
970
971
1319
1320
1321
619
620
621
269
270
271
278
279
280
628
629
630
978
979
980
1328
1329
1330
381
382
383
731
732
733
1081
1082
1083
1431
1432
1433
469
1169
1519
819
1612
18
500
501
502
503
504
505
1200
1201
1202
1550
1551
1552
850
851
852
853
854
855
1553
1554
1555
1203
1204
1205
1099
1449
749
405
3
1563
293
294
295
643
644
645
993
994
995
1343
1344
1345
460
1160
1510
810
360
459
1159
1509
809
1060
1410
710
996
997
998
1346
1347
1348
296
297
298
646
647
648
755
281
282
283
631
632
633
981
982
983
1331
1332
1333
467
1167
1517
817
468
1168
1518
818
465
1165
1515
815
461
1161
1511
811
245
945
1295
595
463
1163
1513
813
466
1166
1516
816
1455
1105
464
1164
1514
814
462
1162
1512
812
246
946
1296
596
237
937
1287
587
239
939
1289
589
243
943
1293
593
241
941
1291
591
238
938
1288
588
22
23
24
25
26
27
28
29
31
32
33
34
35
36
37
38
244
944
1294
594
242
942
1292
592
240
940
1290
590
443
1143
1493
783
793
404
1483
667
1133
361
1104
1454
754
433
711
506
507
508
856
857
858
1206
1207
1208
1556
1557
1558
1367
362
712
1017
1411
1061
473
474
475
823
824
825
485
486
487
491
492
493
479
480
481
497
498
499
835
836
837
841
842
843
1523
1524
1525
1173
1174
1175
829
830
831
847
848
849
1185
1186
1187
1535
1536
1537
1191
1192
1193
1541
1542
1543
1529
1530
1531
1179
1180
1181
1547
1548
1549
1197
1198
1199
470
471
472
820
821
822
482
483
484
488
489
490
494
495
496
476
477
478
1520
1521
1522
1170
1171
1172
832
833
834
838
839
840
826
827
828
844
845
846
1182
1183
1184
1532
1533
1534
1188
1189
1190
1538
1539
1540
1526
1527
1528
1176
1177
1178
1544
1545
1546
1194
1195
1196
1412
1062
412
413
414
762
763
764
1112
1113
1114
1462
1463
1464
406
407
408
756
757
758
1106
1107
1108
1456
1457
1458
409
410
411
759
760
761
1109
1110
1111
1459
1460
1461
317
415
416
417
765
766
767
1115
1116
1117
1465
1466
1467
95
253
603
953
1303
1614
457
807
1157
1507
458
1158
1508
808
380
730
1080
1430
1
753
1453
1103
252
952
1302
602
359
895
896
897
1245
1246
1247
195
196
197
545
546
547
709
1059
1409
898
899
900
1248
1249
1250
198
199
200
548
549
550
901
902
903
1251
1252
1253
201
202
203
551
552
553
204
205
206
554
555
556
904
905
906
1254
1255
1256
249
599
949
1299
456
806
1156
1506
164
514
864
1214
379
729
1079
1429
403
94
358
1408
708
1058
251
601
1301
951
248
598
948
1298
163
513
863
1213
20
4
39
40
41
42
43
44
45
46
47
48
49
50
51
52
53
54
55
56
57
58
59
60
61
62
63
64
65
66
67
68
69
70
71
72
73
74
75
76
77
78
79
80
81
82
83
84
85
86
87
88
89
90
91
92
93
162
247
250
254
255
256
257
258
259
260
261
262
263
264
265
299
301
303
305
307
309
311
313
315
354
357
363
378
384
385
386
393
394
395
396
402
455
512
597
600
604
605
606
607
608
609
610
611
612
613
614
615
649
651
653
655
657
659
661
663
665
704
707
713
728
734
735
736
743
744
745
746
752
805
862
947
950
954
955
956
957
958
959
960
961
962
963
964
965
999
1001
1003
1005
1007
1009
1011
1013
1015
1054
1057
1063
1078
1084
1085
1086
1093
1094
1095
1096
1102
1155
1212
1297
1300
1304
1305
1306
1307
1308
1309
1310
1311
1312
1313
1314
1315
1349
1351
1353
1355
1357
1359
1361
1363
1365
1404
1407
1413
1428
1434
1435
1436
1443
1444
1445
1446
1452
1505
1564
