1602
1572
1476
1264
1234
1531
1216
1161
1028
634
1547
1532
1300
1219
635
1636
1605
1535
1218
636
1278
1158
1133
970
968
1257
1179
1124
1108
402
1294
1258
1109
1098
515
1292
1262
1069
1057
1051
1293
1259
1107
866
553
1283
1263
1072
972
861
1260
1106
849
551
1573
1485
1329
852
1
1592
1492
1261
851
2
1574
1475
1324
850
3
1575
1491
1265
848
4
1606
1603
1444
1114
5
1607
1604
1445
1115
6
1555
1220
1201
428
1479
1419
1131
1059
1512
1416
1325
1266
895
1423
1248
503
7
1608
1480
1249
888
595
1609
1481
1250
800
581
1610
1482
1251
693
565
1611
1483
1252
655
561
1612
1484
1253
649
563
1613
1254
633
557
1614
1486
1255
647
559
1615
1487
1256
629
555
1616
1424
504
8
1617
1488
889
596
1618
1489
801
582
1619
1490
694
566
1620
656
562
1621
650
564
1622
1493
558
1623
1494
648
560
1624
1495
630
556
1241
1155
933
631
318
1242
1156
934
651
330
1243
1157
935
322
1244
936
654
344
1245
1159
937
665
320
1246
1160
938
715
338
1247
939
819
346
1162
945
940
349
962
512
307
160
1556
1139
644
535
401
1420
1040
625
365
244
1557
1140
673
536
407
1421
1041
637
366
250
1558
1141
646
537
403
1422
1042
627
367
248
1559
1142
682
538
409
1043
639
368
256
1560
1143
692
539
405
1044
641
369
246
1561
1144
751
540
411
1425
1045
683
370
252
1562
1145
541
417
1426
1046
795
371
254
1563
1146
952
542
427
1427
1047
877
372
258
1564
533
527
134
1428
376
325
231
159
1565
1147
643
543
400
1429
1048
626
373
245
1566
1148
672
544
406
1430
1049
638
374
251
1567
1149
645
545
1431
1050
628
375
249
1568
1150
681
546
408
1432
640
257
1569
1151
691
547
404
1433
1052
642
377
247
1570
1152
750
548
410
1434
1053
684
378
253
1571
1153
549
416
1435
1054
796
379
255
1154
951
550
426
1436
1055
878
380
259
534
523
132
1437
326
133
9
1163
941
632
317
1164
942
652
329
1165
943
321
1166
944
653
343
1167
664
319
1168
946
714
337
1169
947
818
345
1170
948
348
963
513
308
161
1221
385
295
127
1438
362
125
1439
1279
356
282
131
1297
1198
600
10
1299
1199
1136
11
1200
604
12
1311
601
13
1301
1190
1137
597
14
1312
1191
605
15
1313
1192
602
16
1193
1138
598
17
1302
1194
606
18
1314
1195
603
19
1315
1196
599
20
1326
1197
607
21
1474
807
1303
1203
808
1304
1202
809
350
1316
845
613
22
1305
844
611
23
1317
846
612
24
1318
833
25
1327
1189
832
26
1306
834
27
1319
836
483
28
1320
835
484
29
1328
837
485
30
1331
577
31
1334
1204
573
32
1335
1205
33
1338
1206
578
34
1336
1207
574
35
1339
1208
36
1340
1209
579
37
1343
1210
575
38
1337
1211
583
39
1341
1212
580
40
1342
1213
576
41
1344
1214
584
42
1514
1452
1119
43
1516
1453
1102
44
1517
1454
1100
45
1518
1455
1103
46
1598
1449
810
47
1625
1456
789
48
1626
1450
49
1593
1457
804
50
1594
1408
802
51
1627
1308
52
1628
1307
788
53
1599
1332
811
54
1519
1447
1104
55
1520
1446
1099
56
1521
1448
1105
57
1515
1451
1118
58
1629
1377
797
59
1630
1298
790
60
1600
1330
812
61
1522
1441
62
1523
1442
1101
63
1524
1443
64
1595
1473
997
805
526
1631
1309
863
798
65
1632
1310
791
66
1601
1333
813
67
1596
806
68
1633
1477
799
69
1634
1478
792
70
1597
1404
803
674
1576
1508
1235
1577
1440
1356
1414
429
761
702
659
455
762
703
660
821
704
623
763
705
675
456
764
706
676
608
822
707
624
765
708
695
457
766
709
696
609
823
710
767
711
461
768
712
1224
824
713
769
462
770
614
1225
825
716
1173
771
717
661
465
772
718
662
617
1228
826
719
1174
773
720
466
774
721
618
1229
827
722
687
1175
775
723
467
776
724
619
1230
828
725
777
516
778
517
438
829
508
446
779
524
468
780
525
469
439
830
470
447
1585
1525
1499
1187
493
1586
1526
1500
1188
494
1587
1527
1501
1215
489
1549
587
1550
1509
588
1551
1510
1552
1553
1554
1217
571
1580
1529
1581
1530
1117
1582
1183
1001
784
585
126
999
758
754
124
1063
932
586
1067
930
928
1075
782
1079
442
1071
787
1029
748
1031
746
443
1027
744
1171
741
101
739
102
737
100
1007
689
77
1009
528
78
1005
685
76
89
444
90
88
1035
670
1037
668
445
1033
786
666
671
669
1185
667
490
1039
552
1295
677
216
904
209
872
205
924
885
201
892
569
197
838
193
1321
896
189
185
900
181
847
532
177
1578
1497
839
1579
1542
1470
1236
418
1385
1376
1135
430
1361
1362
867
218
1380
1538
1388
219
1370
868
261
1392
1546
1396
262
1358
958
1418
1534
1384
982
260
1400
242
1405
240
1409
1233
243
856
194
871
857
663
192
1032
860
781
195
1397
1128
923
206
1398
1127
922
204
1399
911
207
1395
984
501
182
976
918
506
180
1391
975
875
497
183
977
903
591
964
899
316
1129
960
907
1462
1178
1017
1458
1023
328
1180
1024
331
1345
1065
621
278
1112
412
276
1349
279
886
162
1111
890
1110
882
163
1094
1013
114
1082
1014
112
1076
1015
115
1116
1085
138
1113
1090
1089
136
1086
1081
139
1537
954
150
950
148
1539
486
151
1502
232
1503
1284
227
1504
1288
840
760
233
1383
1074
71
381
72
73
1077
382
74
1078
347
75
383
1386
1080
384
1387
79
1083
80
1084
81
386
82
1389
351
83
1087
387
84
1390
1088
352
85
388
86
323
202
87
327
212
224
920
520
200
993
921
477
165
996
474
166
994
476
167
995
475
168
135
1368
816
169
1367
753
170
1369
820
755
171
1366
172
1374
450
342
164
1375
509
220
174
109
110
111
91
92
113
93
94
95
96
97
1459
98
99
1460
1461
105
103
104
1463
106
107
1588
1464
108
1589
1465
1590
1466
1222
296
117
1583
1467
309
118
1548
1468
283
1584
1223
297
1513
1469
310
1353
284
901
1402
1125
355
1412
1120
690
432
272
137
1471
273
188
119
1472
274
312
176
313
567
143
568
481
184
144
570
332
152
1322
314
178
495
315
1323
491
333
499
334
153
1237
419
230
1407
431
226
880
735
464
1267
884
736
1268
876
473
986
397
398
1093
399
1061
1346
1347
978
1096
974
987
615
196
1095
1018
458
949
275
198
123
277
855
130
1357
420
953
241
1019
145
1289
116
1290
235
301
1365
1373
1381
862
389
505
305
521
339
1410
1004
961
285
1406
1008
289
981
293
917
756
434
909
392
925
435
910
393
926
478
357
592
359
879
361
1016
859
1393
1394
487
1238
1415
989
268
141
815
898
686
1354
678
1355
1020
1026
1134
990
985
1269
120
1270
121
1271
122
1272
1273
335
1274
336
1275
1378
298
311
479
1073
471
364
299
914
360
300
1097
905
894
449
302
396
303
304
453
306
1058
971
785
931
883
1348
1505
988
1498
1276
1285
887
1496
1060
973
1226
1287
1227
1291
1231
1003
1277
1232
1091
1286
610
529
919
507
912
530
500
510
492
441
793
1010
967
531
363
1006
511
1591
1413
726
727
728
729
459
730
731
732
697
460
733
698
752
734
463
1172
738
616
740
1176
742
620
743
1177
745
688
747
622
757
749
518
519
472
440
448
1528
496
589
1506
590
1507
1511
572
1533
1184
1002
1000
759
998
1064
1068
929
554
783
1030
831
451
452
1036
1038
454
1034
1186
413
680
217
210
927
190
186
1543
1239
421
1371
433
1360
1363
869
214
211
215
870
1359
959
983
1401
236
237
858
191
1126
1379
203
179
965
1130
908
1066
1350
158
891
864
157
843
1540
955
146
1541
147
1280
229
223
841
679
353
128
129
354
390
1062
391
358
394
1070
140
395
142
324
234
221
425
817
154
341
213
173
149
155
156
286
1352
287
902
1403
1121
280
281
482
187
1240
422
225
222
881
436
414
1025
437
415
1056
979
1122
199
956
957
874
1382
854
522
1411
291
480
1281
1282
1012
1011
1351
488
502
893
873
1123
239
175
340
1536
288
593
269
270
271
915
906
1092
794
1296
1021
1417
1022
897
267
913
266
991
1372
1182
992
514
423
657
658
699
700
1181
498
701
853
1635
1545
424
265
263
264
208
980
1132
865
814
1544
228
290
594
292
966
238
916
969
842
1364
294
