142
141
156
149
150
143
157
348
349
698
699
1048
1049
1398
1399
350
351
352
353
700
701
702
703
1050
1051
1052
1053
1400
1401
1402
1403
148
330
331
336
337
342
343
680
681
686
687
692
693
1030
1031
1036
1037
1042
1043
1380
1381
1386
1387
1392
1393
332
333
334
335
338
339
340
341
344
345
346
347
356
682
683
684
685
688
689
690
691
694
695
696
697
706
1032
1033
1034
1035
1038
1039
1040
1041
1044
1045
1046
1047
1056
1382
1383
1384
1385
1388
1389
1390
1391
1394
1395
1396
1397
1406
140
151
152
153
1623
1634
145
144
146
21
30
136
138
147
132
133
135
134
1625
1635
137
139
16
17
454
804
1154
1504
158
159
1573
1582
1591
1600
160
154
155
300
302
304
306
312
314
650
656
662
664
1000
1006
1012
1014
1350
1356
1362
1364
308
310
652
654
1002
1004
1352
1354
445
446
447
448
451
452
658
660
795
798
801
802
1008
1010
1145
1148
1151
1152
1358
1360
1495
1498
1501
1502
449
450
796
797
1146
1147
1496
1497
799
800
1149
1150
1499
1500
364
365
397
398
714
715
747
748
1064
1065
1097
1098
1414
1415
1447
1448
1602
669
1019
1369
161
670
671
672
673
1020
1021
1022
1023
1370
1371
1372
1373
316
666
1016
1366
1603
319
678
789
790
791
792
1028
1139
1140
1141
1142
1378
1489
1490
1491
1492
1601
674
675
676
677
1024
1025
1026
1027
1374
1375
1376
1377
444
794
1144
1494
320
321
322
323
1609
1
328
1605
1607
1610
1604
1606
1608
6
324
325
326
327
785
786
787
788
1135
1136
1137
1138
1485
1486
1487
1488
1611
245
246
595
596
945
946
1295
1296
751
1101
1451
195
293
439
440
441
442
500
503
545
643
850
853
895
993
1200
1203
1245
1343
1550
1553
13
7
9
11
243
244
453
593
594
803
904
943
944
1153
1254
1293
1294
1503
14
5
8
10
111
114
117
207
210
213
216
219
222
225
228
231
234
266
275
287
290
418
421
430
435
436
437
438
509
557
560
563
566
569
572
575
578
581
584
616
625
637
640
768
771
780
859
898
901
907
910
913
916
919
922
925
928
931
934
966
975
987
990
1118
1121
1130
1209
1248
1251
1257
1260
1263
1266
1269
1272
1275
1278
1281
1284
1316
1325
1337
1340
1468
1471
1480
1559
15
284
634
984
1334
241
242
272
424
427
591
592
622
774
777
941
942
972
1124
1127
1291
1292
1322
1474
1477
401
12
668
1018
1368
239
240
281
589
590
631
939
940
981
1289
1290
1331
108
750
1100
1450
189
192
204
278
296
539
542
554
628
646
889
892
978
996
1239
1242
1328
1346
269
400
619
969
1319
96
99
102
105
120
123
126
129
237
238
406
409
412
415
460
461
462
463
464
465
466
467
468
469
587
588
756
759
762
765
810
811
812
813
814
815
816
817
818
819
937
938
1106
1109
1112
1115
1160
1161
1162
1163
1164
1165
1166
1167
1168
1169
1287
1288
1456
1459
1462
1465
1510
1511
1512
1513
1514
1515
1516
1517
1518
1519
253
318
603
949
953
1299
1303
190
191
193
194
196
197
198
201
294
295
407
408
410
411
413
414
416
417
501
502
504
505
506
540
541
543
544
546
547
548
551
644
645
757
758
760
761
763
764
766
767
851
852
854
855
856
865
868
871
874
877
880
883
886
890
891
893
894
896
897
994
995
1107
1108
1110
1111
1113
1114
1116
1117
1201
1202
1204
1205
1206
1215
1218
1221
1224
1227
1230
1233
1236
1240
1241
1243
1244
1246
1247
1344
1345
1457
1458
1460
1461
1463
1464
1466
1467
1551
1552
1554
1555
1556
273
274
297
298
507
508
623
624
647
648
857
858
905
906
973
974
997
998
1207
1208
1255
1256
1323
1324
1347
1348
1557
1558
249
599
667
1017
1367
109
110
112
113
115
116
118
119
164
205
206
208
209
211
212
214
215
217
218
220
221
223
224
226
227
229
230
232
233
235
236
252
267
268
270
271
276
277
279
280
282
283
285
286
288
289
291
292
329
419
420
422
423
425
426
428
429
431
432
459
510
511
514
555
556
558
559
561
562
564
565
567
568
570
571
573
574
576
577
579
580
582
583
585
586
602
617
618
620
621
626
627
629
630
632
633
635
636
638
639
641
642
679
769
770
772
773
775
776
778
779
781
782
809
860
861
864
866
867
869
870
872
873
875
876
878
879
881
882
884
885
887
888
899
900
902
903
908
909
911
912
914
915
917
918
920
921
923
924
926
927
929
930
932
933
935
936
952
967
968
970
971
976
977
979
980
982
983
985
986
988
989
991
992
1029
1119
1120
1122
1123
1125
1126
1128
1129
1131
1132
1159
1210
1211
1214
1216
1217
1219
1220
1222
1223
1225
1226
1228
1229
1231
1232
1234
1235
1237
1238
1249
1250
1252
1253
1258
1259
1261
1262
1264
1265
1267
1268
1270
1271
1273
1274
1276
1277
1279
1280
1282
1283
1285
1286
1302
1317
1318
1320
1321
1326
1327
1329
1330
1332
1333
1335
1336
1338
1339
1341
1342
1379
1469
1470
1472
1473
1475
1476
1478
1479
1481
1482
1509
1560
1561
470
473
476
479
482
485
488
491
494
497
820
823
826
829
832
835
838
841
844
847
1170
1173
1176
1179
1182
1185
1188
1191
1194
1197
1520
1523
1526
1529
1532
1535
1538
1541
1544
1547
1565
1566
1567
1568
1569
1570
1571
1572
1574
1575
1576
1577
1578
1579
1580
1581
97
98
100
101
103
104
106
107
121
122
124
125
127
128
130
131
165
168
171
174
177
180
183
186
317
515
518
521
524
527
530
533
536
783
1133
1483
95
405
458
471
472
474
475
477
478
480
481
483
484
486
487
489
490
492
493
495
496
498
499
753
755
808
821
822
824
825
827
828
830
831
833
834
836
837
839
840
842
843
845
846
848
849
1103
1105
1158
1171
1172
1174
1175
1177
1178
1180
1181
1183
1184
1186
1187
1189
1190
1192
1193
1195
1196
1198
1199
1453
1455
1508
1521
1522
1524
1525
1527
1528
1530
1531
1533
1534
1536
1537
1539
1540
1542
1543
1545
1546
1548
1549
166
167
169
170
172
173
175
176
178
179
181
182
184
185
187
188
199
200
202
203
361
362
457
516
517
519
520
522
523
525
526
528
529
531
532
534
535
537
538
549
550
552
553
711
712
807
1061
1062
1157
1411
1412
1507
360
403
710
1060
1410
1583
1584
1585
1586
1587
1588
1589
1590
1592
1593
1594
1595
1596
1597
1598
1599
380
730
1080
1430
22
23
24
25
26
27
28
29
31
32
33
34
35
36
37
38
381
387
390
433
731
737
740
1081
1087
1090
1431
1437
1440
784
1134
1484
1562
1613
2
434
19
366
367
372
373
716
717
722
723
1066
1067
1072
1073
1416
1417
1422
1423
404
754
1104
1454
3
1563
382
383
388
389
391
392
732
733
738
739
741
742
1082
1083
1088
1089
1091
1092
1432
1433
1438
1439
1441
1442
399
749
1099
1449
359
368
369
370
371
374
375
376
377
709
718
719
720
721
724
725
726
727
1059
1068
1069
1070
1071
1074
1075
1076
1077
1409
1418
1419
1420
1421
1424
1425
1426
1427
20
1614
4
1564
299
301
303
305
307
309
311
313
315
649
651
653
655
657
659
661
663
665
999
1001
1003
1005
1007
1009
1011
1013
1015
1349
1351
1353
1355
1357
1359
1361
1363
1365
47
65
83
92
254
255
256
257
258
259
260
261
262
263
264
265
384
385
386
393
394
395
604
605
606
607
608
609
610
611
612
613
614
615
734
735
736
743
744
745
954
955
956
957
958
959
960
961
962
963
964
965
1084
1085
1086
1093
1094
1095
1304
1305
1306
1307
1308
1309
1310
1311
1312
1313
1314
1315
1434
1435
1436
1443
1444
1445
39
40
41
42
43
44
45
46
49
51
53
55
57
59
61
63
67
69
71
73
75
77
79
81
84
85
86
87
88
89
90
91
402
752
1102
1452
1615
1616
1617
1618
1619
1620
1621
1622
1624
1626
1627
1628
1629
1630
1631
1632
1633
1636
18
48
50
52
54
56
58
60
62
64
66
68
70
72
74
76
78
80
82
94
163
248
251
355
358
379
443
456
513
598
601
705
708
729
793
806
863
948
951
1055
1058
1079
1143
1156
1213
1298
1301
1405
1408
1429
1493
1506
1612
93
162
247
250
354
357
363
378
396
455
512
597
600
704
707
713
728
746
805
862
947
950
1054
1057
1063
1078
1096
1155
1212
1297
1300
1404
1407
1413
1428
1446
1505
