234
235
236
584
585
586
934
935
936
1284
1285
1286
231
232
233
581
582
583
931
932
933
1281
1282
1283
216
217
218
566
567
568
916
917
918
1266
1267
1268
213
214
215
563
564
565
913
914
915
1263
1264
1265
210
211
212
560
561
562
910
911
912
1260
1261
1262
1600
228
229
230
578
579
580
928
929
930
1278
1279
1280
1591
222
223
224
572
573
574
922
923
924
1272
1273
1274
225
226
227
575
576
577
925
926
927
1275
1276
1277
219
220
221
569
570
571
919
920
921
1269
1270
1271
1582
287
288
289
637
638
639
987
988
989
1337
1338
1339
1573
207
208
209
557
558
559
907
908
909
1257
1258
1259
290
291
292
640
641
642
990
991
992
1340
1341
1342
293
294
295
643
644
645
993
994
995
1343
1344
1345
284
285
286
634
635
636
984
985
986
1334
1335
1336
1598
1599
1593
1594
1592
1595
1589
1590
1584
1585
1583
1586
1580
1581
1575
1576
1574
1577
1571
1572
1566
1567
1565
1568
1596
1597
1587
1588
1578
1579
1569
1570
272
273
274
622
623
624
972
973
974
1322
1323
1324
427
428
429
777
778
779
1127
1128
1129
1477
1478
1479
424
425
426
774
775
776
1124
1125
1126
1474
1475
1476
266
267
268
616
617
618
966
967
968
1316
1317
1318
329
679
1029
1379
269
270
271
619
620
621
969
970
971
1319
1320
1321
296
297
298
646
647
648
996
997
998
1346
1347
1348
281
282
283
631
632
633
981
982
983
1331
1332
1333
506
507
508
856
857
858
1206
1207
1208
1556
1557
1558
254
255
256
604
605
606
954
955
956
1304
1305
1306
260
261
262
610
611
612
960
961
962
1310
1311
1312
257
258
259
607
608
609
957
958
959
1307
1308
1309
263
264
265
613
614
615
963
964
965
1313
1314
1315
406
407
408
756
757
758
1106
1107
1108
1456
1457
1458
275
276
277
625
626
627
975
976
977
1325
1326
1327
412
413
414
762
763
764
1112
1113
1114
1462
1463
1464
409
410
411
759
760
761
1109
1110
1111
1459
1460
1461
415
416
417
765
766
767
1115
1116
1117
1465
1466
1467
278
279
280
628
629
630
978
979
980
1328
1329
1330
142
137
149
156
160
138
141
148
155
159
1624
1636
1625
1635
140
161
139
154
158
64
82
47
92
136
143
150
157
1493
1369
1489
1490
1491
1492
117
118
119
1368
1370
1371
1372
1373
1451
16
17
430
431
432
780
781
782
1130
1131
1132
1480
1481
1482
328
678
1028
1378
114
115
116
1143
1019
1139
1140
1141
1142
246
596
946
1296
1018
245
595
945
1295
1020
1021
1022
1023
244
594
944
1294
204
205
206
554
555
556
904
905
906
1254
1255
1256
243
593
943
1293
242
592
942
1292
1101
241
591
941
1291
1602
195
196
197
545
546
547
895
896
897
1245
1246
1247
240
590
940
1290
1601
111
112
113
239
589
939
1289
384
385
386
387
388
389
734
735
736
737
738
739
1084
1085
1086
1087
1088
1089
1434
1435
1436
1437
1438
1439
238
588
938
1288
198
199
200
201
202
203
548
549
550
551
552
553
898
899
900
901
902
903
1248
1249
1250
1251
1252
1253
237
587
937
1287
434
784
1134
1484
793
145
1611
134
152
469
819
1169
1519
669
789
790
791
792
133
135
144
146
151
153
1610
1607
668
393
394
395
743
744
745
1093
1094
1095
1443
1444
1445
418
419
420
421
422
423
768
769
770
771
772
773
1118
1119
1120
1121
1122
1123
1468
1469
1470
1471
1472
1473
468
818
1168
1518
670
671
672
673
1609
1606
467
817
1167
1517
1605
1608
15
147
751
466
816
1166
1516
14
132
11
1604
465
815
1165
1515
1603
189
190
191
192
193
194
539
540
541
542
543
544
889
890
891
892
893
894
1239
1240
1241
1242
1243
1244
13
10
464
814
1164
1514
9
108
109
110
12
463
813
1163
1513
500
501
502
503
504
505
850
851
852
853
854
855
1200
1201
1202
1203
1204
1205
1550
1551
1552
1553
1554
1555
509
510
511
859
860
861
1209
1210
1211
1559
1560
1561
8
462
812
1162
1512
7
381
382
383
731
732
733
1081
1082
1083
1431
1432
1433
461
811
1161
1511
453
803
1153
1503
390
391
392
740
741
742
1090
1091
1092
1440
1441
1442
165
166
167
168
169
170
171
172
173
174
175
176
177
178
179
180
181
182
183
184
185
186
187
188
515
516
517
518
519
520
521
522
523
524
525
526
527
528
529
530
531
532
533
534
535
536
537
538
865
866
867
868
869
870
871
872
873
874
875
876
877
878
879
880
881
882
883
884
885
886
887
888
1215
1216
1217
1218
1219
1220
1221
1222
1223
1224
1225
1226
1227
1228
1229
1230
1231
1232
1233
1234
1235
1236
1237
1238
360
710
1060
1410
6
460
810
1160
1510
459
809
1159
1509
443
470
471
472
473
474
475
476
477
478
479
480
481
482
483
484
485
486
487
488
489
490
491
492
493
494
495
496
497
498
499
820
821
822
823
824
825
826
827
828
829
830
831
832
833
834
835
836
837
838
839
840
841
842
843
844
845
846
847
848
849
1170
1171
1172
1173
1174
1175
1176
1177
1178
1179
1180
1181
1182
1183
1184
1185
1186
1187
1188
1189
1190
1191
1192
1193
1194
1195
1196
1197
1198
1199
1520
1521
1522
1523
1524
1525
1526
1527
1528
1529
1530
1531
1532
1533
1534
1535
1536
1537
1538
1539
1540
1541
1542
1543
1544
1545
1546
1547
1548
1549
5
319
439
440
441
442
318
320
321
322
323
48
50
52
54
56
58
60
62
66
68
70
72
74
76
78
80
96
97
98
99
100
101
102
103
104
105
106
107
120
121
122
123
124
125
126
127
128
129
130
131
401
247
597
947
1297
399
402
404
749
752
754
1099
1102
1104
1449
1452
1454
39
40
41
42
43
44
45
46
84
85
86
87
88
89
90
91
362
458
712
808
1062
1158
1412
1508
1615
1616
1617
1618
1619
1620
1621
1622
1623
1626
1627
1628
1629
1630
1631
1632
1633
1634
324
325
326
327
435
436
437
438
674
675
676
677
785
786
787
788
1024
1025
1026
1027
1135
1136
1137
1138
1374
1375
1376
1377
1485
1486
1487
1488
361
711
1061
1411
1562
1563
317
667
1017
1367
4
1564
363
396
713
746
1063
1096
1413
1446
2
3
18
1614
1
21
22
23
24
25
26
27
28
29
30
31
32
33
34
35
36
37
38
93
162
250
354
357
378
455
512
600
704
707
728
805
862
950
1054
1057
1078
1155
1212
1300
1404
1407
1428
1505
1612
445
446
447
448
449
450
451
452
454
795
796
797
798
799
800
801
802
804
1145
1146
1147
1148
1149
1150
1151
1152
1154
1495
1496
1497
1498
1499
1500
1501
1502
1504
20
253
315
330
332
334
336
338
340
342
344
346
348
350
352
366
368
370
372
374
376
603
665
680
682
684
686
688
690
692
694
696
698
700
702
716
718
720
722
724
726
953
1015
1030
1032
1034
1036
1038
1040
1042
1044
1046
1048
1050
1052
1066
1068
1070
1072
1074
1076
1303
1365
1380
1382
1384
1386
1388
1390
1392
1394
1396
1398
1400
1402
1416
1418
1420
1422
1424
1426
299
301
303
305
307
309
311
313
649
651
653
655
657
659
661
663
999
1001
1003
1005
1007
1009
1011
1013
1349
1351
1353
1355
1357
1359
1361
1363
433
783
1133
1483
19
49
51
53
55
57
59
61
63
65
67
69
71
73
75
77
79
81
83
94
95
163
164
248
249
251
252
300
302
304
306
308
310
312
314
316
331
333
335
337
339
341
343
345
347
349
351
353
355
356
358
359
364
365
367
369
371
373
375
377
379
380
397
398
400
403
405
444
456
457
513
514
598
599
601
602
650
652
654
656
658
660
662
664
666
681
683
685
687
689
691
693
695
697
699
701
703
705
706
708
709
714
715
717
719
721
723
725
727
729
730
747
748
750
753
755
794
806
807
863
864
948
949
951
952
1000
1002
1004
1006
1008
1010
1012
1014
1016
1031
1033
1035
1037
1039
1041
1043
1045
1047
1049
1051
1053
1055
1056
1058
1059
1064
1065
1067
1069
1071
1073
1075
1077
1079
1080
1097
1098
1100
1103
1105
1144
1156
1157
1213
1214
1298
1299
1301
1302
1350
1352
1354
1356
1358
1360
1362
1364
1366
1381
1383
1385
1387
1389
1391
1393
1395
1397
1399
1401
1403
1405
1406
1408
1409
1414
1415
1417
1419
1421
1423
1425
1427
1429
1430
1447
1448
1450
1453
1455
1494
1506
1507
1613
