1600
1591
1582
1573
1593
1594
1595
1592
1599
1598
1597
1596
1584
1585
1583
1586
1590
1589
1588
1587
1576
1575
1574
1577
1581
1580
1579
1578
1567
1566
1565
1568
1572
1571
1570
1569
679
329
1029
1379
586
585
584
236
235
234
936
935
934
1286
1285
1284
583
582
581
233
232
231
933
932
931
1283
1282
1281
568
567
566
218
217
216
918
917
916
1268
1267
1266
565
564
563
215
214
213
915
914
913
1265
1264
1263
562
561
560
212
211
210
912
911
910
1262
1261
1260
580
579
578
230
229
228
930
929
928
1280
1279
1278
574
573
572
224
223
222
924
923
922
1274
1273
1272
577
576
575
227
226
225
927
926
925
1277
1276
1275
571
570
569
221
220
219
921
920
919
1271
1270
1269
559
558
557
209
208
207
909
908
907
1259
1258
1257
137
138
136
638
639
637
288
988
289
287
989
987
1338
1339
1337
641
642
640
291
991
292
290
992
990
1341
1342
1340
635
636
634
285
985
286
284
986
984
1336
1334
1335
644
645
643
294
994
295
293
995
993
1344
1345
1343
139
621
619
620
271
269
971
969
270
970
1321
1319
1320
1636
1624
648
646
298
296
998
996
1348
1346
647
297
997
1347
1504
1502
1501
1500
1499
1498
1497
1496
1495
1154
1152
1151
1150
1149
1148
1147
1146
1145
804
802
801
800
799
798
797
796
795
454
452
451
450
449
448
447
446
445
1426
1424
1422
1420
1418
1416
1402
1400
1398
1396
1394
1392
1390
1388
1386
1384
1382
1380
1076
1074
1072
1070
1068
1066
1052
1050
1048
1046
1044
1042
1040
1038
1036
1034
1032
1030
726
724
722
720
718
716
702
700
698
696
694
692
690
688
686
684
682
680
665
376
374
372
370
368
366
352
350
348
346
344
342
340
338
336
334
332
330
315
1363
1361
1359
1357
1355
1353
1351
1349
1013
1011
1009
1007
1005
1003
1001
999
663
661
659
657
655
653
651
649
313
311
309
307
305
303
301
299
1483
1133
783
433
1613
1507
1450
1448
1447
1430
1427
1425
1423
1421
1419
1417
1415
1414
1409
1403
1401
1399
1397
1395
1393
1391
1389
1387
1385
1383
1381
1364
1362
1360
1358
1356
1354
1352
1350
1302
1299
1157
1100
1098
1097
1080
1077
1075
1073
1071
1069
1067
1065
1064
1059
1053
1051
1049
1047
1045
1043
1041
1039
1037
1035
1033
1031
1014
1012
1010
1008
1006
1004
1002
1000
952
949
807
750
748
747
730
727
725
723
721
719
717
715
714
709
703
701
699
697
695
693
691
689
687
685
683
681
664
662
660
658
656
654
652
650
602
599
457
400
398
397
380
377
375
373
371
369
367
365
364
359
353
351
349
347
345
343
341
339
337
335
333
331
314
312
310
308
306
304
302
300
252
249
95
83
65
19
774
424
776
1124
775
426
1126
777
1474
425
1125
1476
427
779
1475
778
1127
429
428
1129
1128
1477
1479
1478
1635
1625
618
616
617
268
266
968
966
267
967
1318
1316
1317
142
678
328
1028
1378
30
21
156
149
160
141
155
148
159
17
16
1365
1015
1303
953
603
253
134
623
624
622
273
274
272
973
974
972
1324
1322
1323
1614
135
133
606
604
256
254
605
956
954
1306
1304
255
955
1305
1556
1206
856
506
1557
1207
857
507
1558
1208
858
508
38
37
36
35
34
33
32
31
29
28
27
26
25
24
23
22
20
627
625
626
277
275
977
975
276
976
1327
1325
1326
161
140
1602
1564
630
628
629
280
278
980
978
279
979
1330
1328
1329
1601
157
150
143
3
756
406
758
1106
757
408
407
1108
1107
1456
1458
1457
4
154
158
1612
2
132
1563
632
633
631
283
281
282
983
981
982
1333
1331
1332
784
1134
1484
434
145
609
607
259
257
959
957
608
1309
1307
258
958
1308
1562
1604
1603
147
18
152
5
153
151
146
144
1606
1605
1607
1
780
430
1130
782
781
432
1132
1480
431
1131
1482
1481
6
1609
8
13
82
64
7
92
47
10
11
9
759
409
1109
761
760
411
1111
1459
410
1110
1461
1460
1611
1608
12
15
1610
1297
947
597
247
14
612
610
262
260
962
960
611
1312
1310
261
961
1311
615
613
614
265
263
965
963
264
964
1315
1313
1314
1503
1153
803
453
771
768
1121
1118
1471
1468
421
418
773
770
1123
1120
1473
1470
423
420
772
769
1122
1119
1472
1469
422
419
1369
1368
119
118
117
1493
762
412
1112
764
763
414
1114
1462
413
1113
1464
1463
1492
1491
1490
1489
765
415
767
1115
766
417
416
1117
1116
1465
1467
1466
1451
401
1019
107
106
105
104
103
102
101
100
99
98
97
96
131
130
129
128
127
126
125
124
123
122
121
120
1296
946
596
246
116
115
114
1494
1455
1366
1214
1144
1105
1016
864
794
755
666
514
444
405
316
164
1018
1295
945
595
245
1373
1372
1371
1370
319
1143
443
1294
944
594
244
442
441
440
439
1142
1141
1140
1139
1101
1293
943
593
243
318
110
109
669
1292
942
592
242
108
1291
941
591
241
113
112
111
668
751
1290
940
590
240
1289
939
589
239
793
792
791
790
789
1288
938
588
238
1287
937
587
237
1023
1022
1021
1020
323
322
321
320
1519
1169
819
469
1428
1300
1212
1078
950
862
728
600
512
378
250
162
80
78
76
74
72
70
68
66
62
60
58
56
54
52
50
48
1518
1168
818
468
745
744
743
395
394
393
1095
1094
1093
1445
1444
1443
1517
1167
817
467
1255
1254
905
904
555
554
205
204
1634
1623
1256
906
556
206
673
672
671
670
1516
1166
816
466
1633
1632
1631
1630
1629
1628
1627
1626
1622
1621
1620
1619
1618
1617
1616
1615
1505
1407
1155
1057
805
707
455
357
93
1515
1165
815
465
1514
1164
814
464
91
90
89
88
87
86
85
84
46
45
44
43
42
41
40
39
1410
1060
710
360
1513
1163
813
463
1246
1245
896
895
546
545
196
195
1247
897
547
197
736
735
734
386
385
384
1086
1085
1084
1436
1435
1434
739
738
737
389
388
387
1089
1088
1087
1439
1438
1437
1512
1162
812
462
754
752
749
1104
1102
1099
1454
1452
1449
404
402
399
1511
1161
811
461
1510
1160
810
460
1252
1251
902
901
552
551
202
201
1249
1248
899
898
549
548
199
198
1253
903
553
203
1250
900
550
200
785
1135
1485
435
786
1136
1486
436
787
1137
1487
437
788
1138
1488
438
676
326
1026
677
1376
327
1027
1377
675
325
1025
1375
674
324
1024
1374
1509
1159
809
459
1404
1054
704
354
1412
1062
712
362
733
732
731
383
382
381
1083
1082
1081
1433
1432
1431
1411
1061
711
361
742
741
740
392
391
390
1092
1091
1090
1442
1441
1440
1508
1158
808
458
853
1203
1553
503
850
1200
1550
854
500
1204
1554
504
851
1201
1551
501
855
1205
1555
505
852
1202
1552
502
1241
891
541
191
1244
894
544
194
1240
1239
890
889
540
539
190
189
1243
1242
893
892
543
542
193
192
1559
1209
859
509
1560
1210
860
510
1561
1211
861
511
1526
1523
1176
1173
826
823
476
473
1541
1538
1535
1520
1191
1188
1185
1170
841
838
835
820
491
488
485
470
1532
1182
832
482
1529
1179
829
479
1547
1544
1197
1194
847
844
497
494
1542
1539
1536
1521
1192
1189
1186
1171
842
839
836
821
492
489
486
471
1527
1524
1177
1174
827
824
477
474
1533
1183
833
483
1530
1180
830
480
1548
1545
1198
1195
848
845
498
495
1543
1540
1537
1522
1193
1190
1187
1172
843
840
837
822
493
490
487
472
1534
1528
1525
1184
1178
1175
834
828
825
484
478
475
1531
1181
831
481
1549
1546
1199
1196
849
846
499
496
1225
1224
875
874
525
524
175
174
1222
1221
872
871
522
521
172
171
667
317
1017
1367
1228
1227
878
877
528
527
178
177
1231
1230
881
880
531
530
181
180
1234
1233
884
883
534
533
184
183
1237
1236
887
886
537
536
187
186
1226
876
526
176
1223
873
523
173
1229
879
529
179
1232
882
532
182
1216
1215
866
865
516
515
166
165
1219
1218
869
868
519
518
169
168
1235
885
535
185
1238
888
538
188
1217
867
517
167
1220
870
520
170
1506
1429
1408
1301
1298
1213
1156
1079
1058
951
948
863
806
729
708
601
598
513
456
379
358
251
248
163
94
81
79
77
75
73
71
69
67
63
61
59
57
55
53
51
49
746
713
1096
1063
1446
1413
396
363
1406
1056
706
356
1453
1103
753
1405
1055
705
403
355
