517
1452
372
325
521
250
336
251
397
374
323
326
322
431
513
378
361
1054
487
386
226
321
568
429
526
331
1223
388
546
625
512
966
307
324
566
539
780
525
320
565
377
308
221
327
891
649
732
541
642
529
184
1075
444
385
335
492
389
452
305
1294
561
1173
562
446
650
1277
631
636
641
469
626
368
483
449
623
108
1027
1022
309
1053
427
784
553
693
548
1051
781
638
1076
528
716
536
367
683
995
815
383
519
480
275
141
300
560
453
219
705
128
371
67
633
447
373
558
1295
225
531
438
523
491
643
413
874
414
967
73
955
497
754
376
485
271
149
630
442
893
547
506
448
284
330
1388
522
704
689
482
246
516
856
755
715
410
59
61
530
710
932
559
564
1179
356
753
665
478
662
572
504
1261
652
1260
119
925
1268
379
39
306
436
1074
747
892
1144
621
178
1210
894
179
311
571
766
428
498
66
1368
195
394
653
420
1131
587
495
507
1048
384
831
218
231
708
666
303
359
50
1257
741
443
183
19
310
965
786
896
703
153
418
415
870
392
745
129
220
782
686
933
654
550
450
637
873
127
479
549
1256
551
542
908
417
1143
1052
714
1049
328
454
166
85
1258
855
800
76
113
852
230
639
466
644
63
38
1220
598
70
99
1047
690
518
1183
120
411
49
956
434
988
672
834
98
980
895
1192
816
1227
318
964
1019
720
655
570
222
702
567
746
839
538
1222
664
622
292
1237
242
835
139
462
204
145
432
122
709
150
535
1077
667
197
1273
918
691
302
645
355
465
426
556
1235
1293
826
362
1337
1130
682
299
1107
408
1366
243
739
185
515
897
349
929
380
440
752
576
494
207
1180
651
121
540
199
196
100
1194
186
1174
1209
640
758
455
719
700
555
1178
706
1286
524
237
987
148
55
286
823
244
295
1050
748
533
1018
115
1280
804
717
901
282
249
263
878
973
416
624
627
1031
192
1142
18
395
1145
779
763
241
41
971
425
1072
1262
1165
1096
670
1390
825
736
1184
1177
280
1105
89
721
477
723
82
193
731
742
586
1065
194
409
1169
187
1408
445
117
1114
899
16
332
474
189
124
1044
876
105
130
23
505
54
460
364
511
1423
439
147
889
229
223
1182
544
354
1288
75
1014
65
1292
283
554
369
366
396
824
1228
1422
1380
233
182
1421
761
552
773
1383
569
1282
953
684
22
1369
509
1281
285
724
1425
840
699
245
917
1367
342
170
614
40
718
365
1103
77
80
51
463
1098
646
289
885
858
435
461
817
942
1159
301
142
738
52
486
140
481
986
236
711
248
146
1035
783
217
240
828
476
398
1191
911
488
1224
1285
1284
589
459
3
744
785
1351
1382
4
1252
692
596
44
1175
198
200
1132
329
268
1190
419
832
762
962
232
982
312
1424
969
1275
794
144
629
1319
206
296
14
756
116
757
84
489
143
1045
1360
72
543
456
1090
850
1193
239
974
430
1276
837
701
1039
1001
759
712
1300
1106
985
970
557
1118
344
1181
909
1162
1287
125
412
216
81
1125
579
88
341
175
265
740
943
473
381
575
628
1417
134
95
1033
1104
728
1245
998
685
981
890
287
79
605
999
110
841
603
1451
854
681
857
1080
606
1450
916
203
48
1449
1026
304
993
1448
493
214
510
173
57
1092
114
819
60
574
1447
255
601
727
936
527
126
1172
1164
634
809
760
1272
931
1158
1189
1446
984
1381
112
1091
103
1317
357
155
138
597
94
963
1445
1396
1444
83
907
123
451
118
496
563
111
7
471
847
1152
152
991
1195
393
1166
1411
1362
131
1392
802
1418
1269
205
1259
1108
213
764
729
401
151
1364
290
508
101
722
382
375
608
421
1236
1061
864
591
399
1041
96
1238
880
734
619
165
154
1038
1410
983
822
1443
1267
1229
1153
1058
1398
1391
1320
534
1134
1416
1117
1017
258
227
1186
87
1011
588
490
62
339
1023
20
660
74
30
475
923
827
924
1198
406
788
46
91
1185
803
464
209
1400
17
247
210
1419
404
424
278
1036
545
132
1335
315
926
659
1016
994
951
171
1413
869
1232
1248
422
402
78
743
267
1094
1187
353
1021
735
698
181
957
1120
12
274
1135
791
578
940
1278
238
881
730
676
272
1242
1202
915
1015
1221
977
1359
585
29
208
886
1087
169
668
297
1420
997
97
836
470
1379
1218
797
1004
812
1085
853
15
767
360
1020
298
1006
160
423
1204
13
1073
1040
163
162
102
35
1078
1264
949
1234
405
838
1241
1046
266
875
458
635
1239
1304
348
1233
1409
1119
1176
1246
1155
1071
1240
887
501
594
914
93
281
228
990
799
979
872
503
912
270
795
1138
387
713
484
750
1415
107
1156
1070
577
1389
948
1113
47
343
618
658
849
180
959
805
10
696
945
90
1321
604
1426
968
276
806
537
1029
768
1217
1361
1270
135
1133
920
202
437
1315
1296
600
176
673
254
1283
661
532
294
317
172
252
347
1318
590
1244
499
234
820
952
583
68
441
1123
1403
833
224
1163
862
863
1374
1034
906
867
1247
674
793
772
1010
1407
671
1385
1160
1358
1148
688
777
989
520
370
104
174
400
905
1136
1377
573
801
53
769
648
1336
954
338
996
346
770
31
1002
930
45
798
900
264
1199
1069
632
467
1168
1062
350
1171
789
34
8
947
934
1055
1196
778
1274
846
1124
808
6
1231
1412
168
2
617
1299
5
1109
1365
1216
1079
136
821
882
257
109
333
607
403
1363
11
663
1012
1081
1271
976
678
1000
253
1060
1404
866
191
774
610
1254
407
1147
1122
927
737
669
42
1354
1316
164
941
859
1037
1395
1007
137
733
316
201
1406
1013
1352
1215
1243
904
1353
861
340
1067
1289
69
288
1376
1394
829
514
86
1129
975
92
1121
1219
314
37
1387
771
602
903
56
345
1384
871
950
814
1298
938
1102
1170
1128
877
433
1356
1188
273
879
1399
457
313
1339
1330
1250
1009
1151
1154
1291
1401
319
939
1086
796
1167
1127
884
898
27
787
1025
502
595
1126
188
1115
1251
358
212
807
363
291
1253
25
1211
1066
992
1378
24
337
64
1208
694
1207
620
157
1255
944
1024
1082
1005
928
848
830
687
71
1386
133
922
1357
845
1089
647
211
615
190
158
613
958
775
293
1150
961
582
910
1263
472
612
1200
391
167
616
1100
1226
593
813
697
177
1101
1201
810
33
1303
679
1225
1157
1355
818
811
161
1032
675
1402
726
1308
262
1323
352
1043
946
1064
972
1028
656
978
1349
500
1030
1405
1338
1297
26
260
106
1057
919
1347
1093
235
1279
695
725
28
1084
1203
1333
749
1375
32
156
1146
351
1068
256
36
1116
1099
1137
1097
960
792
1301
1003
1346
790
1312
259
1206
1161
1309
1149
677
1332
261
1095
1059
277
680
584
1442
765
1372
43
1441
1440
1439
1140
1334
580
1438
159
592
776
1373
1437
1414
1436
1370
1435
599
1213
1305
279
1434
269
1290
1230
1433
1112
1056
21
581
1008
913
1110
1397
1088
868
707
657
1214
1083
1348
215
1307
1266
1432
1141
1431
888
1314
609
1393
1313
1430
1063
390
1429
1428
1427
935
1249
1344
468
334
1340
843
1324
1329
860
1325
1205
1345
1042
1197
1139
1302
842
921
611
1310
751
9
1326
1
883
1371
865
1342
1311
1265
1212
902
1327
844
1343
1111
1341
1350
1331
851
58
937
1328
1306
1322
