46
66
80
1440
4
6
7
8
11
12
13
15
18
19
21
22
35
1452
5
14
16
17
44
54
20
31
36
34
1450
32
1451
1
2
130
39
42
67
81
89
91
97
99
151
185
215
218
289
292
363
366
437
440
511
514
585
588
659
662
733
736
826
873
897
977
1041
1108
810
3
1449
33
43
72
109
149
150
183
184
208
282
356
430
504
578
652
726
832
835
838
839
840
842
843
844
847
848
849
851
852
853
865
891
892
893
894
895
896
1015
1018
1038
1044
1105
1111
9
45
1424
38
41
10
40
1004
1005
37
971
906
972
1002
1183
1292
1266
1003
1157
1235
1344
147
181
1209
1318
1066
1133
560
412
708
338
634
486
782
1065
1132
264
1273
1270
1272
1268
1164
1013
1163
1190
1299
1269
1271
1187
1189
1296
1298
1185
1294
1161
1159
1325
1160
1162
1322
1324
1216
1320
1186
1188
1295
1297
1213
1215
1211
973
1242
1351
1239
1241
1348
1350
1237
1346
1321
1323
1212
1214
146
1238
1240
1347
1349
180
1444
26
1447
29
1443
25
1064
1131
138
227
301
375
449
523
597
671
745
1448
30
172
1442
154
24
137
153
1441
23
1446
28
188
152
171
187
508
156
155
656
186
136
509
582
190
657
189
360
131
27
1445
135
583
730
731
286
170
160
194
361
212
287
434
169
165
1010
435
1011
226
300
374
448
522
596
670
744
164
198
213
1001
162
196
1082
917
1149
818
158
192
205
206
207
279
280
281
353
354
355
427
428
429
501
502
503
575
576
577
649
650
651
723
724
725
854
1030
1031
1097
1098
1315
1206
817
1083
1263
1341
1367
855
568
1150
116
1081
1289
1232
225
299
373
447
521
595
669
743
819
642
1154
1180
132
133
1264
1148
176
1258
993
1316
142
272
175
1207
141
346
128
1368
134
1055
1122
1265
1155
166
167
1063
1130
1317
1290
1208
1181
1156
997
716
998
790
224
298
372
446
520
594
668
742
168
816
1342
1434
1259
1291
1392
1393
1402
1403
829
1233
1168
1182
996
1423
1220
174
1435
1343
420
140
494
127
1234
1366
1056
1123
1417
1437
1262
830
1080
1314
1409
1257
1194
1205
1277
995
126
177
173
1246
1422
1329
1153
828
827
1008
1009
143
139
1288
1147
1438
992
1432
124
223
297
371
445
519
593
667
741
1179
125
388
1421
386
240
1340
238
1231
462
684
460
682
314
536
1431
1303
1428
1413
312
534
758
1355
1427
1412
1406
385
387
756
123
610
1405
1433
237
239
608
129
1415
114
459
461
681
683
311
313
533
535
1404
1416
755
757
607
609
1420
1058
1125
1419
1425
1410
1430
1414
122
1426
1411
1408
222
296
370
444
518
592
666
740
113
1429
1407
1436
1076
1143
1284
1072
1139
1175
118
1227
1336
85
1166
1218
112
1074
1141
117
1201
1310
71
1078
1145
1275
1167
1221
1327
1169
1219
1043
1110
1267
1278
1192
1050
1117
1330
1276
221
295
369
443
517
591
665
739
1244
1328
951
1158
1253
1362
121
384
236
1012
1210
1319
102
1301
1195
1353
1247
458
680
1193
310
532
1245
115
1418
1285
754
1283
606
1184
1293
1054
1121
1304
1356
1302
1176
1354
1174
557
1228
1337
409
705
1226
1335
335
631
483
779
1202
1311
1046
1113
1236
1345
1200
1309
63
1007
261
1254
1363
1252
1361
111
107
159
193
161
195
220
294
368
442
516
590
664
738
163
197
104
1049
1116
157
204
278
352
426
500
574
648
722
841
845
850
872
976
1222
1331
1279
90
191
1170
1057
1124
1027
1094
336
410
484
558
632
706
780
262
51
88
1026
1093
1062
1129
50
1248
1357
1196
1305
1059
1126
1036
1103
98
1000
108
949
96
804
1025
1092
1061
1128
978
1024
1091
416
712
199
273
347
421
495
569
643
717
564
979
490
786
342
638
948
805
811
1077
1144
937
1006
942
1068
1135
803
268
413
709
228
302
376
450
524
598
672
746
1073
1140
561
487
783
941
1391
1401
53
339
635
48
980
119
1035
1102
229
303
377
451
525
599
673
747
981
802
940
1389
1390
1399
1400
1023
1090
1075
1142
809
815
265
1388
1398
1223
1230
1332
1339
1178
1280
1287
1029
1096
807
808
813
814
982
1022
1089
1171
812
1079
1146
983
1060
1127
806
103
1224
1333
1260
1369
1067
1134
1281
417
713
1249
1256
1358
1365
491
787
984
65
79
1172
985
1197
1204
1306
1313
565
938
415
711
343
639
489
785
801
563
341
637
345
419
493
567
641
715
789
1028
1095
863
986
94
987
1250
1359
1198
1307
271
947
92
269
988
989
1052
1119
800
267
93
1021
1088
1225
1334
991
1173
1282
1229
1338
100
912
990
1032
1045
1099
1112
1383
1177
1286
259
333
407
481
555
629
703
777
209
283
357
431
505
579
653
727
101
1217
1326
56
61
73
78
258
332
406
480
554
628
702
776
110
935
1165
1274
799
1251
1360
858
256
330
404
478
552
626
700
774
929
931
933
249
254
257
323
328
331
397
402
405
471
476
479
545
550
553
619
624
627
693
698
701
767
772
775
1020
1087
1255
1364
1199
1308
57
59
74
76
868
932
934
58
60
75
77
248
253
322
327
396
401
470
475
544
549
618
623
692
697
766
771
1203
1312
246
251
260
320
325
334
394
399
408
468
473
482
542
547
556
616
621
630
690
695
704
764
769
778
1382
244
247
252
318
321
326
392
395
400
466
469
474
540
543
548
614
617
622
688
691
696
762
765
770
915
1243
1352
930
798
914
1191
1300
243
317
391
465
539
613
687
761
791
241
250
255
315
324
329
389
398
403
463
472
477
537
546
551
611
620
625
685
694
699
759
768
773
242
316
390
464
538
612
686
760
1381
927
245
319
393
467
541
615
689
763
1014
64
211
285
359
433
507
581
655
729
794
309
383
457
531
605
679
753
831
834
120
232
235
306
380
454
528
602
676
750
913
1261
1370
928
210
284
358
432
506
580
654
728
340
414
488
562
636
710
784
1069
1136
797
266
945
344
418
492
566
640
714
788
337
411
485
559
633
707
781
926
270
1380
946
908
263
1040
1107
105
943
869
1084
1085
1151
1152
944
1379
1019
1086
936
796
905
47
144
145
178
179
200
201
202
203
274
275
276
277
348
349
350
351
422
423
424
425
496
497
498
499
570
571
572
573
644
645
646
647
718
719
720
721
823
846
898
899
900
901
902
907
1053
1120
974
1034
1101
1378
1051
1118
856
903
904
857
231
305
379
453
527
601
675
749
859
234
308
382
456
530
604
678
752
1070
1137
925
909
1071
1138
860
1377
886
884
888
882
880
970
837
878
889
876
216
219
290
293
364
367
438
441
512
515
586
589
660
663
734
737
887
885
883
999
881
879
87
861
877
1016
106
1033
1100
875
233
307
381
455
529
603
677
751
793
866
867
922
916
994
795
874
95
924
864
148
182
910
1376
919
230
304
378
452
526
600
674
748
792
870
920
214
288
362
436
510
584
658
732
862
939
890
921
822
1384
1385
1386
1387
1394
1395
1396
1397
911
1047
1114
1371
923
217
291
365
439
513
587
661
735
1375
55
975
821
871
1039
1106
86
833
68
69
70
82
83
84
836
966
969
964
967
968
965
1037
1042
1104
1109
963
962
961
824
820
1374
52
918
1017
1373
49
62
959
950
1372
825
953
955
956
957
958
952
954
960
1439
1048
1115
