33
1424
1449
25
23
26
27
29
30
28
24
346
494
642
272
1412
997
1147
173
790
568
1410
1080
1257
1413
175
139
1427
1405
818
420
141
1366
819
1425
1258
176
1259
1428
1406
1436
177
716
142
1429
1367
829
1418
1411
1431
1368
830
828
1407
1430
143
1408
174
1414
1426
1415
140
992
993
1419
1416
1434
816
1438
1432
995
1420
1437
998
996
1435
1433
1149
1150
817
1417
1148
1082
827
1422
1083
1081
1423
1421
1404
1409
1443
1441
1444
1445
1447
1448
1446
1442
40
43
37
9
10
131
165
1168
1194
1220
1246
1277
1303
1329
1355
1263
1289
1315
1341
1154
1180
1206
1232
1262
1288
1153
1314
1205
1179
1340
1231
116
1265
1264
1291
1290
1317
1156
1316
1155
1208
1182
1207
1181
1343
1342
1157
1266
1234
1233
1209
1318
1183
1292
1235
1344
236
310
532
384
606
458
680
754
1353
1356
1354
1244
1247
1245
1301
1304
1302
1327
1330
1328
1192
1195
1193
1218
1221
1219
1275
1278
1276
1166
1169
1167
434
730
286
360
582
656
212
508
1159
1160
1162
1161
1163
731
435
1164
1269
1271
1268
1272
1270
1273
1451
583
287
657
361
213
1212
1214
1211
1215
1213
1321
1323
1216
509
1320
1324
1322
1325
1186
1188
1185
1295
1297
1294
1189
1187
1298
1296
1190
1299
1238
1240
1237
1347
1349
1346
1241
1239
1350
1348
1242
1351
152
153
156
186
187
154
188
190
155
189
138
137
136
172
135
171
170
169
1450
132
133
134
166
167
168
238
312
534
386
240
237
608
460
682
314
536
239
388
311
533
385
756
610
313
535
462
684
387
607
459
681
609
758
461
683
755
757
121
111
192
158
196
198
162
164
194
160
1391
1401
1389
1390
1399
1400
1388
1398
53
48
1005
1004
128
127
124
1011
1010
126
125
122
123
118
117
114
113
112
115
71
85
971
972
51
50
1003
1002
1175
1176
1174
1158
1227
1284
1336
1228
1226
1210
1285
1283
1267
1337
1335
1319
1201
1310
1202
1200
1184
1311
1309
1293
1253
1362
1254
1252
1236
1363
1361
1345
1009
1008
38
41
45
1013
928
1012
973
103
991
990
917
130
65
79
61
78
58
60
75
77
56
73
989
57
59
74
76
988
987
889
47
986
1001
943
999
888
1007
950
985
856
890
887
871
970
262
911
484
336
410
632
706
780
558
984
148
182
886
983
982
885
981
180
146
884
197
163
195
191
161
193
980
159
157
883
1116
1049
979
1060
1127
87
1029
1096
930
129
882
978
929
931
932
933
934
935
436
214
288
362
584
658
732
510
1019
1086
1057
1124
108
1069
1136
421
199
273
347
569
643
717
495
791
1248
1357
881
1256
1365
1249
1358
1250
1359
1243
1352
1251
1360
1255
1364
1371
1196
1305
1006
1000
1222
1331
1204
1313
1197
1306
1198
1307
1191
1300
1199
1308
1203
1312
1230
1339
1223
1332
1224
1333
1217
1326
1225
1334
1229
1338
820
1170
1279
880
1171
1178
1287
1172
1280
1281
1165
1274
1173
1282
1177
1286
879
1392
1393
1402
1403
974
878
941
940
1066
1133
906
877
937
938
486
942
782
264
1065
1132
338
412
449
227
301
375
597
671
745
523
634
708
448
226
300
374
596
670
744
522
447
225
299
373
595
669
743
521
560
994
446
224
298
372
594
668
742
876
520
445
223
297
371
593
667
741
519
936
444
222
296
370
592
666
740
518
951
443
221
295
369
591
665
739
517
949
875
948
442
220
294
368
590
664
738
516
1064
1131
961
962
963
964
965
966
967
968
969
450
228
302
376
598
672
746
524
451
229
303
377
599
673
747
525
483
779
1383
335
409
1382
261
947
631
705
557
874
927
926
1381
925
924
922
923
921
919
920
959
952
953
954
955
956
957
958
960
918
1063
1130
946
898
899
900
901
902
903
904
905
945
939
944
858
863
1014
868
869
860
907
908
859
857
861
867
866
864
870
862
1016
910
1017
915
914
975
913
1143
1076
916
1380
256
490
1074
1141
478
330
404
626
700
774
552
487
260
1139
491
489
1379
482
334
408
630
704
778
556
246
251
1072
786
468
320
394
616
690
764
542
473
325
399
621
695
769
547
250
783
255
481
259
333
407
629
703
777
555
787
785
472
324
398
620
694
768
546
477
329
403
625
699
773
551
241
463
315
389
611
685
759
537
479
257
331
405
627
701
775
245
480
553
258
332
406
628
702
776
554
471
249
323
397
619
693
767
545
476
254
328
402
624
698
772
550
467
319
393
615
689
763
541
342
416
339
413
343
469
247
321
395
617
691
765
470
543
248
322
341
396
618
692
766
474
252
326
400
622
696
770
544
475
548
253
327
401
623
697
771
417
549
415
466
244
318
392
614
688
762
540
1078
1145
638
712
635
709
268
464
242
316
390
612
686
760
465
639
538
243
317
391
613
687
761
539
637
265
713
711
269
267
564
810
181
561
147
565
563
1378
1377
1376
804
1055
1122
63
1043
1110
1046
1113
1056
1123
1062
1129
809
815
806
812
808
814
807
813
803
1050
1117
64
1068
1135
1384
1385
1386
1387
1394
1395
1396
1397
62
802
1054
1121
55
52
49
68
69
70
82
83
84
1028
1095
1027
1094
86
102
1061
1128
104
107
1026
1093
1067
1134
98
1375
1025
1092
96
1024
1091
90
801
88
1023
1090
100
101
800
92
93
1022
1089
1144
794
1077
94
1021
1088
95
106
799
1119
271
1052
798
266
263
270
493
345
419
641
715
789
567
1075
1142
488
1140
340
414
636
710
784
485
492
337
344
411
418
633
640
707
714
781
788
562
559
566
1073
1020
1087
119
457
235
309
383
605
679
753
531
454
797
232
306
380
602
676
750
528
805
811
456
234
308
382
604
678
752
530
453
231
305
379
601
675
749
527
438
441
216
219
290
293
364
367
586
589
660
663
734
737
512
515
455
233
307
381
603
677
751
529
439
452
217
291
365
587
661
735
230
304
378
600
674
748
1058
1125
513
526
120
1079
1146
796
795
1036
1103
1059
1126
793
1070
1071
1137
1138
1374
1035
1102
792
110
431
209
283
357
579
653
727
505
433
211
285
359
581
655
729
507
432
210
284
358
580
654
728
506
1040
1107
1034
1101
1033
1100
1373
1037
1039
1042
1104
1106
1109
1051
1053
1118
1120
1372
855
846
831
834
823
837
822
833
836
821
824
825
32
31
909
105
34
35
1084
1085
1151
1152
1439
1260
1369
144
145
178
179
1261
1370
20
1
2
7
39
42
11
3
6
19
8
36
14
16
4
21
12
15
5
13
18
22
17
44
46
1452
1440
54
66
80
67
72
81
89
91
97
99
109
149
150
151
183
184
185
200
201
202
203
204
205
206
207
208
215
218
274
275
276
277
278
279
280
281
282
289
292
348
349
350
351
352
353
354
355
356
363
366
422
423
424
425
426
427
428
429
430
437
440
496
497
498
499
500
501
502
503
504
511
514
570
571
572
573
574
575
576
577
578
585
588
644
645
646
647
648
649
650
651
652
659
662
718
719
720
721
722
723
724
725
726
733
736
826
832
835
838
839
840
841
842
843
844
845
847
848
849
850
851
852
853
854
865
872
873
891
892
893
894
895
896
897
912
976
977
1015
1018
1030
1031
1032
1038
1041
1044
1045
1047
1048
1097
1098
1099
1105
1108
1111
1112
1114
1115
