28
29
30
1439
1441
1442
1443
1444
1445
1446
1447
1448
39
42
38
41
36
40
26
24
25
27
23
9
10
1438
1402
43
37
106
1416
129
1417
1436
1418
1084
1419
1403
1435
1392
128
1369
1260
1151
1126
1059
1432
73
74
75
76
56
57
58
59
77
46
1370
1085
1261
1152
1433
86
1434
85
1449
145
144
178
854
927
179
1420
1003
994
1058
1125
926
1001
1437
81
82
1002
1004
998
862
93
162
1009
196
804
991
916
1005
1007
218
292
366
440
514
588
662
736
1081
1148
925
779
631
158
192
67
68
146
924
557
705
107
483
335
909
1008
1006
261
923
409
942
60
1000
171
137
120
482
778
334
630
1421
127
160
194
941
949
83
260
556
408
704
69
1382
789
92
345
641
271
567
419
715
493
1209
1318
1183
1292
1024
1091
870
1393
112
208
504
1235
1344
578
282
430
726
356
652
940
113
55
147
1129
1062
1022
1089
815
1241
1350
1012
1249
1358
803
1422
1157
1266
172
138
910
63
195
161
270
344
566
640
418
714
492
788
921
1189
1298
1215
1324
1025
1092
987
886
985
884
983
882
981
880
989
979
878
816
992
995
1023
1090
876
250
546
324
620
472
768
398
694
1239
1348
1351
1242
1223
1332
1238
1347
1010
1415
126
1026
1093
1240
1349
1197
1306
560
264
855
180
338
634
486
782
412
708
191
157
874
49
110
1213
1322
1187
1296
1212
1321
1186
1295
1214
1323
1188
1297
1237
1346
125
1431
1082
1149
1313
1204
1339
1230
997
124
793
1201
1310
993
230
304
378
452
526
600
674
748
1227
1336
559
263
1171
1280
888
215
289
363
437
511
585
659
733
1252
1361
1211
1320
1185
1294
100
1253
1362
337
633
485
781
223
297
371
445
519
593
667
741
411
707
990
1255
1364
1021
1088
321
617
469
765
247
543
395
691
1236
1345
860
1163
1272
1287
1178
249
545
323
619
471
767
1184
1293
397
693
181
1210
1319
948
1383
1325
1216
1226
1335
1200
1309
1338
1229
1299
1190
1067
1134
1161
1270
1162
1271
410
706
484
780
336
632
1160
1269
262
558
1256
1365
957
952
1123
1056
958
1175
1284
1159
1268
1250
1359
1312
1203
1401
1450
1391
197
1122
1055
329
625
477
773
255
551
955
403
699
969
810
802
1118
1051
956
953
193
159
1015
245
541
954
130
319
615
467
763
78
393
689
1020
1087
930
266
562
951
340
636
488
784
414
710
1027
1094
1158
1267
163
988
986
885
984
883
982
881
980
879
1286
1177
877
114
1311
1202
1337
1228
1174
1283
861
257
553
331
627
479
775
1254
1363
405
701
415
711
489
785
341
637
116
413
709
487
783
339
635
561
265
481
777
333
629
407
703
259
555
267
563
1224
1333
244
540
318
614
466
762
392
688
1198
1307
242
538
858
316
612
464
760
390
686
799
94
875
1164
1273
966
978
1285
1176
207
503
968
281
577
725
429
1172
1281
355
651
960
811
805
801
1035
814
33
1102
897
959
1124
1057
254
550
328
624
476
772
402
698
887
967
964
965
170
326
622
474
770
252
548
231
305
379
453
527
601
675
749
400
696
1028
1095
258
554
332
628
480
776
406
702
136
248
544
322
618
470
766
396
692
222
296
370
444
518
592
666
740
798
241
537
315
611
463
759
253
549
327
623
475
771
401
697
389
685
246
542
320
616
468
764
394
690
256
552
330
626
478
774
404
700
317
613
465
761
243
539
391
687
1135
1068
809
416
712
490
786
342
638
929
268
564
1357
1013
103
806
812
325
621
473
769
251
547
399
695
807
813
1130
1063
123
1131
1064
931
1248
808
1331
932
933
996
797
753
457
605
309
679
383
141
531
175
235
1251
1360
1133
1066
1305
220
294
368
442
516
590
664
738
889
922
140
174
800
1222
1387
1397
1225
1334
1423
61
1199
1308
219
293
367
441
515
589
663
737
1196
836
963
1173
1282
1279
417
713
491
787
343
639
269
565
1386
1396
790
794
1041
1108
115
111
105
1139
1072
225
299
373
447
521
595
669
743
1409
122
1170
1083
1150
62
221
295
369
443
517
591
665
739
934
826
970
1137
1070
117
950
1145
1078
1034
1101
962
867
961
1385
1395
1399
198
48
1120
1053
1389
1038
1105
1404
64
1400
142
176
234
530
382
678
308
604
456
752
1384
1390
1394
121
1061
1128
164
1069
1136
1143
1076
1138
1071
1132
1065
1408
728
432
580
284
654
358
506
210
1052
1119
1141
1074
835
817
1011
229
303
377
451
525
599
673
747
1373
139
173
224
298
372
446
520
594
668
742
190
156
91
928
84
169
135
185
99
187
151
947
1315
153
1330
1221
1355
1206
1289
1356
1247
1180
1246
184
150
1263
1154
857
827
1304
1195
1398
1341
1232
1388
1430
1352
1329
1220
1086
1243
973
1303
1194
1354
1019
1169
1278
823
1245
939
213
509
287
435
583
731
1326
1217
796
361
657
1073
1140
1300
1191
233
529
381
677
307
603
455
751
1079
1146
1277
1168
226
300
374
448
522
596
670
744
80
54
1378
822
1077
1144
859
917
863
1165
109
1274
821
1407
1075
1142
829
1328
1219
1302
1193
1039
1106
1327
1218
1353
1301
1192
1244
999
1276
1167
211
507
905
1275
1166
285
433
581
729
1424
359
655
1040
1107
568
420
346
494
272
716
642
1428
1429
1411
1426
1412
1427
1425
228
302
376
450
524
598
672
746
946
227
301
375
449
523
597
671
745
1410
935
101
943
1060
1127
212
508
1033
1100
286
434
582
730
360
656
1405
868
1413
89
795
143
177
66
938
189
155
825
866
972
896
977
188
154
118
819
1381
873
186
152
944
1367
1258
97
1368
1259
830
869
70
904
1054
1121
1379
945
1264
1155
232
528
380
676
306
602
454
750
1406
1036
1103
1414
1452
88
72
818
1317
1208
1291
1182
901
974
96
1366
1257
1265
1156
1343
1234
971
900
903
214
288
362
436
510
584
658
732
216
290
364
438
512
586
660
734
920
1316
1290
899
1181
1207
902
1018
918
1380
856
217
291
365
439
513
587
661
735
791
1371
853
919
1342
1233
119
87
898
1050
1117
936
824
104
1377
832
47
755
459
607
533
311
681
237
385
1016
906
1314
1205
913
1288
1179
1340
1231
820
1262
1153
865
1109
1042
1014
907
1376
828
90
98
45
50
915
1049
1116
908
754
458
606
310
680
532
236
384
51
95
1017
1048
1115
1112
1045
1080
1147
579
283
727
431
505
209
653
357
1032
1099
134
168
1451
102
757
535
239
609
461
313
683
387
1044
1111
914
71
864
976
912
53
937
756
460
608
682
534
312
238
386
536
240
758
610
314
462
684
388
872
834
833
831
108
133
167
132
131
166
165
845
844
911
1114
1047
1104
1037
792
52
1098
1031
1375
1374
1372
1
2
3
4
5
6
7
8
11
12
13
14
15
16
17
18
19
20
21
22
31
32
34
35
44
65
79
148
149
182
183
199
200
201
202
203
204
205
206
273
274
275
276
277
278
279
280
347
348
349
350
351
352
353
354
421
422
423
424
425
426
427
428
495
496
497
498
499
500
501
502
569
570
571
572
573
574
575
576
643
644
645
646
647
648
649
650
717
718
719
720
721
722
723
724
837
838
839
840
841
842
843
846
847
848
849
850
851
852
871
890
891
892
893
894
895
975
1029
1030
1043
1046
1096
1097
1110
1113
1440
