1427
1426
1415
1270
695
1428
1416
1271
806
1429
1417
1276
576
1430
1418
1283
527
1431
1419
1287
774
1432
1420
1277
577
1433
1421
1272
756
1434
1422
1279
578
1407
1370
103
58
23
1412
1311
104
60
21
1435
1423
1275
1225
1436
1424
1285
775
1437
1425
1288
579
1438
1281
725
1439
1286
877
1440
1282
726
1441
1291
660
1442
1289
580
1443
1278
581
1444
1269
1025
1445
1284
582
1446
1290
669
1402
391
18
5
2
1403
393
17
11
3
1404
394
13
4
1405
395
14
6
1406
390
10
7
12
1
15
8
16
9
1447
1251
583
1448
1250
584
1079
232
1449
1254
585
1450
1255
586
1401
1386
1280
937
1399
1332
848
102
22
1413
500
389
36
27
1411
1273
653
24
1409
557
247
100
20
1414
499
71
28
1410
1274
654
25
1400
1322
787
101
26
1451
1292
1240
1109
868
233
151
1394
1293
906
841
1314
1167
958
419
227
1097
1067
552
441
329
1313
1146
1009
996
977
1348
1157
1055
352
319
1323
1126
829
351
314
1095
1008
984
502
54
1265
1132
609
328
69
1296
1042
545
375
174
1016
1007
898
897
1341
1307
409
333
45
1371
1342
412
392
68
1343
1333
445
405
133
1344
1329
518
413
262
1350
1327
604
406
370
1325
888
707
563
403
1003
776
634
177
1129
972
859
721
542
1306
992
920
919
1365
1024
668
401
1297
1028
640
338
1299
1044
1029
595
337
1226
1088
1083
1010
1137
1093
1011
960
789
1211
1012
934
838
1301
1170
1004
347
47
1300
1134
999
235
56
1345
845
410
269
1346
1338
414
345
1363
1347
407
398
33
1331
467
415
43
1349
1328
522
408
1340
1326
628
404
161
1324
733
402
253
1298
739
220
1224
740
350
167
1230
1013
811
252
1014
963
865
316
1015
935
749
430
1387
1023
510
348
330
1393
1020
540
259
711
489
468
181
1302
1039
778
519
1231
765
132
1392
1303
1037
785
871
783
607
228
1197
1045
978
959
790
1171
1046
1041
849
743
1334
1121
1052
956
851
1232
1141
520
280
1304
1050
1034
334
48
1233
875
110
1305
1193
1030
620
617
182
1221
655
1133
1043
738
677
592
1203
1021
830
216
1214
907
902
396
279
272
1253
1040
515
180
1257
1110
1056
944
1397
1212
273
1099
493
261
1352
842
612
274
1195
1161
1068
753
685
818
802
554
311
1227
860
713
477
913
751
737
344
968
921
844
777
343
1310
1116
1036
890
346
1094
1073
1000
534
131
1147
1063
673
632
342
1234
1081
910
459
341
1389
1243
1177
1092
833
433
1100
674
514
310
293
1057
549
339
290
950
553
369
340
276
997
627
366
635
384
362
624
422
363
1002
663
466
364
671
503
365
332
602
472
400
1244
1140
795
109
105
1395
118
1174
788
106
1396
1111
107
292
267
884
265
1391
1259
805
573
264
846
656
263
1200
750
544
315
1228
814
647
317
62
872
717
373
32
981
735
463
44
975
1263
1032
615
1372
1264
611
590
1138
748
490
451
1258
1213
425
1135
1124
443
64
1308
998
46
1309
954
134
1246
951
277
135
1247
291
551
501
360
254
916
722
399
258
836
537
437
779
687
484
255
957
550
461
411
312
629
313
248
930
547
460
357
813
555
245
976
900
796
457
1118
961
883
962
454
358
1206
1101
618
234
1294
1208
123
275
126
791
125
792
130
1166
587
270
1127
657
511
1398
734
268
807
801
266
1201
878
543
356
19
1229
648
382
985
720
486
982
591
37
680
42
616
1373
1266
1188
810
610
1072
450
387
1176
1139
426
1136
444
97
1245
136
79
1312
137
77
138
1249
256
1205
556
432
257
1207
470
1151
260
1066
688
588
281
679
488
456
599
249
927
853
793
458
359
882
567
318
246
979
455
355
1222
1168
1047
1172
453
1360
1219
1215
497
1315
271
72
1385
1316
215
73
1317
142
81
1318
96
89
1319
90
1320
91
1321
928
92
35
876
1089
171
964
827
440
1122
194
159
1190
905
298
198
803
482
1148
1026
857
843
742
1096
152
700
208
994
769
229
759
646
532
288
637
771
903
835
619
574
464
949
922
723
601
712
1378
676
354
850
684
1090
983
914
1359
1128
1120
974
1239
1048
767
297
1182
1152
1123
476
1189
744
424
1238
1149
926
210
156
1005
283
164
1336
1078
278
163
1162
289
147
1155
282
114
697
209
858
196
1064
946
188
1104
168
1154
494
285
230
887
190
941
895
675
465
416
211
915
692
516
217
880
600
201
1086
912
786
681
129
1113
867
724
121
1191
808
124
764
176
817
1049
799
304
698
421
1202
1112
1375
569
508
1006
686
1236
757
1062
644
606
1156
1035
879
475
1267
936
1217
986
603
1184
1058
1059
447
1216
212
1115
498
238
1379
49
57
1330
51
945
74
82
29
93
1241
1198
942
834
509
1069
1125
980
904
303
593
483
839
659
736
1102
1248
696
990
763
658
496
30
798
755
31
772
638
50
826
571
948
917
730
189
560
222
989
719
1357
1061
1355
504
760
1178
1153
672
1185
420
1145
380
1199
157
661
1163
296
144
1260
1160
287
111
701
241
85
938
223
86
1060
947
205
87
923
1150
925
78
116
896
191
820
143
800
187
160
970
169
1082
731
170
1187
866
154
665
199
112
821
1019
852
294
376
1106
782
423
1408
1384
694
633
471
678
533
530
436
1209
1361
1017
758
1076
819
613
1038
1262
881
478
987
885
589
1186
1084
462
449
1335
1119
309
243
1337
39
206
1339
140
53
95
61
34
1242
1091
172
965
1070
1018
1077
1192
909
299
214
204
594
1033
863
741
614
158
1142
699
993
768
495
797
538
854
639
1218
630
65
621
575
952
729
971
812
564
718
1031
353
1356
1169
1358
1130
505
1237
761
1181
1103
381
166
1080
162
1164
300
146
1261
113
847
88
939
924
709
794
889
186
117
861
219
418
213
202
183
869
727
120
864
828
155
122
770
667
200
244
804
301
295
417
377
706
524
1085
548
645
608
479
988
918
1183
1114
448
306
240
1381
203
1351
1353
75
40
1354
83
94
1196
1087
175
973
513
1204
1071
435
173
302
207
481
1252
862
837
1268
1159
59
991
752
886
636
52
822
66
894
728
966
558
224
1374
683
327
506
1108
762
1175
1143
929
664
165
1165
145
115
242
870
943
809
708
874
80
1001
893
682
193
179
703
184
1107
670
824
236
153
239
702
378
781
691
473
535
689
1074
596
1065
452
1376
41
1382
55
1362
63
70
1364
953
1173
99
512
439
995
195
1194
892
197
1366
1367
38
491
652
856
643
67
901
626
572
139
192
562
225
714
597
368
284
1377
690
1117
507
1180
1158
474
746
1235
385
840
218
940
108
825
693
911
150
148
149
873
832
666
127
237
816
379
536
528
570
541
642
1220
1368
305
1369
1380
76
84
434
485
732
1098
1144
754
649
823
631
622
967
559
226
716
349
1210
1131
383
931
704
185
98
710
119
899
969
1105
784
427
531
438
598
933
480
308
1383
1388
662
766
492
650
855
773
641
623
141
605
561
715
367
286
331
1179
747
932
307
231
221
891
178
428
529
955
446
1390
1295
831
1075
487
1027
705
1256
745
651
568
908
324
386
1022
815
128
523
546
469
566
371
565
1223
335
361
1053
321
526
431
625
780
429
539
525
374
251
250
1051
326
320
442
388
397
322
336
323
521
1054
1452
325
517
372
