33
36
1441
1442
1443
1444
1447
1448
1445
1446
40
9
10
43
23
24
25
26
27
30
28
29
37
39
42
38
41
45
46
790
84
86
1370
54
55
1449
271
345
419
493
567
641
715
789
56
57
58
59
60
69
73
74
75
76
77
83
128
129
146
557
631
705
779
998
62
63
120
127
309
334
383
408
457
482
531
556
605
630
679
704
753
778
942
138
145
227
301
375
449
523
597
671
745
803
809
814
854
858
897
898
899
900
901
902
916
941
969
1068
1079
1135
1146
85
137
155
158
160
162
171
194
196
926
1059
1085
1126
48
92
100
101
231
237
258
259
305
308
311
332
333
379
382
385
406
407
453
456
459
480
481
527
530
533
554
555
601
604
607
628
629
675
678
681
702
703
749
752
755
776
777
791
888
905
1152
1178
1204
1230
1261
1287
1313
1339
72
156
159
161
163
193
195
197
220
221
222
223
224
225
226
241
242
243
244
245
246
247
248
249
250
251
252
253
254
255
256
257
286
294
295
296
297
298
299
300
315
316
317
318
319
320
321
322
323
324
325
326
327
328
329
330
331
360
368
369
370
371
372
373
374
389
390
391
392
393
394
395
396
397
398
399
400
401
402
403
404
405
434
442
443
444
445
446
447
448
463
464
465
466
467
468
469
470
471
472
473
474
475
476
477
478
479
508
516
517
518
519
520
521
522
537
538
539
540
541
542
543
544
545
546
547
548
549
550
551
552
553
582
590
591
592
593
594
595
596
611
612
613
614
615
616
617
618
619
620
621
622
623
624
625
626
627
656
664
665
666
667
668
669
670
685
686
687
688
689
690
691
692
693
694
695
696
697
698
699
700
701
730
738
739
740
741
742
743
744
759
760
761
762
763
764
765
766
767
768
769
770
771
772
773
774
775
794
804
810
815
860
903
904
991
1000
1001
1002
1003
1004
1005
1006
1007
1008
1009
1010
94
105
130
164
236
310
312
313
384
386
387
458
460
461
532
534
535
606
608
609
680
682
683
754
756
757
807
808
812
813
818
861
913
914
915
927
990
93
106
110
157
191
219
228
230
293
302
304
307
335
367
376
378
381
441
450
452
455
483
515
524
526
529
589
598
600
603
663
672
674
677
737
746
748
751
792
306
380
409
454
528
602
676
750
948
949
1058
1067
1134
1380
1381
968
1055
1078
1122
1145
1177
1203
1229
1255
1286
1312
1338
1364
67
68
81
82
115
139
140
141
173
174
175
215
218
229
270
289
292
303
344
363
366
377
418
437
440
451
492
511
514
525
566
585
588
599
640
659
662
673
714
733
736
747
788
817
909
918
919
929
950
992
1027
1049
1094
1182
1208
1234
1245
1265
1291
1317
1343
1354
1371
1373
1374
1382
1387
1397
1416
1417
1418
1419
1420
1423
112
113
116
117
121
122
123
124
125
126
135
136
144
151
152
153
154
178
185
264
267
338
341
412
415
486
489
560
563
634
637
708
711
782
785
873
874
875
876
877
878
879
880
881
882
883
884
885
886
887
920
921
922
923
924
925
937
939
940
943
946
977
978
979
980
981
982
983
984
985
986
987
988
989
993
999
1011
1012
1019
1020
1021
1022
1023
1024
1025
1026
1035
1084
1086
1087
1088
1089
1090
1091
1092
1093
1158
1171
1174
1184
1193
1197
1200
1210
1219
1223
1226
1236
1243
1244
1246
1247
1248
1249
1252
1267
1276
1280
1283
1293
1302
1306
1309
1319
1328
1332
1335
1345
1352
1353
1355
1356
1357
1358
1361
1369
1375
1378
1379
1404
1405
1406
1409
1410
1411
1412
1422
1424
111
179
944
945
995
1034
1071
1072
1073
1074
1075
1076
1077
1080
1138
1139
1140
1141
1142
1143
1144
1147
1153
1154
1159
1160
1161
1162
1163
1164
1165
1166
1168
1170
1179
1180
1181
1185
1186
1187
1188
1189
1190
1191
1192
1194
1195
1196
1205
1206
1207
1211
1212
1213
1214
1215
1216
1217
1218
1220
1221
1222
1231
1232
1233
1237
1238
1239
1240
1241
1242
1256
1262
1263
1264
1268
1269
1270
1271
1272
1273
1274
1275
1277
1278
1279
1288
1289
1290
1294
1295
1296
1297
1298
1299
1300
1301
1303
1304
1305
1314
1315
1316
1320
1321
1322
1323
1324
1325
1326
1327
1329
1330
1331
1340
1341
1342
1346
1347
1348
1349
1350
1351
1365
1389
1399
50
53
103
134
168
211
263
265
268
282
285
337
339
342
356
359
411
413
416
430
433
485
487
490
504
507
559
561
564
578
581
633
635
638
652
655
707
709
712
726
729
781
783
786
816
855
857
866
958
994
1033
1053
1060
1061
1062
1063
1064
1065
1066
1081
1120
1127
1128
1129
1130
1131
1132
1133
1148
1151
1175
1201
1227
1253
1284
1310
1336
1362
1372
1376
1383
1384
1385
1386
1388
1390
1394
1395
1396
1398
1400
1421
47
232
233
262
266
269
336
340
343
410
414
417
484
488
491
558
562
565
632
636
639
706
710
713
780
784
787
799
800
801
802
806
856
859
907
917
928
930
931
932
933
934
938
951
952
953
954
955
956
957
959
960
961
962
963
964
965
966
967
973
1032
1050
1051
1054
1069
1070
1099
1118
1121
1136
1137
1157
1173
1176
1183
1199
1202
1209
1225
1228
1235
1251
1254
1266
1282
1285
1292
1308
1311
1318
1334
1337
1344
1360
1363
52
819
862
908
1048
1056
1123
1260
51
61
91
99
104
131
132
133
166
167
210
284
287
358
361
432
435
506
509
580
583
654
657
728
731
1038
1172
1198
1224
1250
1281
1307
1333
1359
114
822
867
1057
1124
827
829
889
1041
1108
1257
1366
1377
109
142
176
208
821
1015
1082
1149
1391
1401
70
147
181
192
820
1115
1413
234
260
947
970
996
1425
1426
1427
1428
1429
1430
1431
1432
1433
1434
1435
1436
1437
49
64
78
87
89
95
97
102
172
190
198
272
346
420
494
568
642
716
870
906
935
169
170
186
187
188
189
1258
1367
797
798
805
811
213
823
832
835
1018
1028
1095
1
2
3
4
5
6
7
8
12
13
14
15
16
17
18
19
20
21
22
31
32
34
35
118
216
238
239
290
364
438
512
586
660
734
793
795
796
910
912
1013
1450
240
314
388
462
536
610
684
758
1100
1101
1102
1116
1117
1125
11
143
177
212
828
1039
1083
1106
1150
1407
1408
1438
44
107
66
80
165
283
357
431
505
579
653
727
972
974
1036
1042
1045
1052
1103
1109
1112
1119
1155
1156
1167
1169
1259
1368
1451
863
865
826
830
833
836
845
1016
1452
209
824
1105
1392
1402
1414
1439
119
180
235
261
868
869
936
971
997
1393
1403
1415
1440
65
71
79
88
90
96
98
108
150
184
207
214
217
281
288
291
355
362
365
429
436
439
503
510
513
577
584
587
651
658
661
725
732
735
825
831
834
844
853
864
872
896
911
976
1014
1017
1031
1037
1040
1044
1047
1098
1104
1107
1111
1114
148
149
182
183
199
200
201
202
203
204
205
206
273
274
275
276
277
278
279
280
347
348
349
350
351
352
353
354
421
422
423
424
425
426
427
428
495
496
497
498
499
500
501
502
569
570
571
572
573
574
575
576
643
644
645
646
647
648
649
650
717
718
719
720
721
722
723
724
837
838
839
840
841
842
843
846
847
848
849
850
851
852
871
890
891
892
893
894
895
975
1029
1030
1043
1046
1096
1097
1110
1113
