33
1424
1449
29
25
26
30
27
28
23
24
1436
1418
1419
818
997
1080
1147
346
819
642
1431
272
1412
568
1405
175
1427
1258
1438
1413
141
829
1367
173
494
176
1406
1428
1437
1407
1429
139
790
142
177
1414
143
1410
1259
1257
1408
1430
1425
830
1368
1366
1415
1417
1420
420
1434
828
716
1411
1082
1433
174
1426
1149
1423
993
816
140
1409
1422
1416
1435
1083
1421
1150
992
1432
998
995
1081
817
996
1148
827
1404
1447
1443
1444
1448
1445
1446
1441
1442
40
9
43
37
10
1168
1194
1220
1246
1277
1303
1329
1355
1005
1004
131
165
1263
1154
1289
1315
1180
1206
1341
1232
810
1011
1010
1262
116
1153
1314
1205
1288
1157
1266
1179
130
1183
1209
1292
1318
1340
1231
1264
1265
1003
1244
1353
1155
1156
1316
1317
1192
1218
1301
1327
1207
1208
1290
1291
1245
1247
1354
1356
1181
1182
1002
1166
1275
1235
1344
1193
1195
1219
1221
1302
1304
1328
1330
1342
1343
1167
1169
1276
1278
1233
1234
730
434
582
656
731
286
360
435
583
657
508
287
361
509
212
213
1009
238
312
386
534
1159
1268
240
138
236
460
608
682
314
388
536
172
310
384
532
154
756
158
192
137
1160
1161
1162
1163
1211
1269
1270
1271
1272
1320
156
462
610
684
1008
458
606
680
188
153
171
1185
1294
190
758
754
187
162
164
196
198
237
239
1164
1212
1213
1214
1215
1273
1321
1322
1323
1324
152
38
41
1066
1133
311
313
385
387
533
535
1186
1187
1188
1189
1295
1296
1297
1298
186
136
155
160
194
459
461
607
609
681
683
1216
1325
170
189
755
757
135
1190
1299
169
1391
1401
991
1237
1346
1389
1390
1399
1400
1013
128
1238
1239
1240
1241
1347
1348
1349
1350
71
85
1388
1398
127
1242
1351
990
132
133
134
973
166
167
168
124
989
126
121
125
486
782
1065
1132
988
338
412
634
708
1392
1393
1402
1403
264
560
45
114
122
987
118
123
1012
113
889
117
986
111
112
888
53
985
1001
227
301
375
449
523
597
671
745
51
48
1064
1131
887
115
50
984
226
300
374
448
522
596
670
744
906
886
146
180
983
971
225
299
373
447
521
595
669
743
1007
1248
1357
972
917
885
483
779
1196
1222
1305
1331
982
1175
1227
1284
1336
335
409
631
705
224
298
372
446
520
594
668
742
1170
1279
147
181
1201
1310
261
557
884
981
1176
1228
1285
1337
1158
1174
1210
1226
1267
1283
1319
1335
65
79
223
297
371
445
519
593
667
741
1253
1362
1063
1130
1202
1311
951
1184
1200
1293
1309
883
262
336
410
484
558
632
706
780
1249
1256
1358
1365
980
941
1197
1204
1223
1230
1250
1306
1313
1332
1339
1359
1254
1363
56
61
73
78
222
296
370
444
518
592
666
740
1236
1252
1345
1361
940
57
58
59
60
74
75
76
77
882
1171
1178
1198
1224
1280
1287
1307
1333
1251
1360
979
1255
1364
1243
1352
103
1172
1281
1199
1225
1308
1334
47
1203
1229
1312
1338
1383
1191
1217
1300
1326
221
295
369
443
517
591
665
739
1173
1282
881
1382
1177
1286
63
1165
1274
1450
978
942
163
197
161
195
1076
1143
880
159
193
39
42
928
1006
1055
1122
1381
1072
1074
1139
1141
157
191
220
294
368
442
516
590
664
738
804
930
259
333
407
481
555
629
703
777
1027
1094
1043
1110
256
330
404
478
552
626
700
774
1078
1145
1049
1116
1056
1123
260
334
408
482
556
630
704
778
879
102
1000
1026
1093
809
815
249
254
257
258
323
328
331
332
397
402
405
406
471
476
479
480
545
550
553
554
619
624
627
628
693
698
701
702
767
772
775
776
490
786
246
251
320
325
394
399
468
473
542
547
616
621
690
695
764
769
949
803
1451
250
255
324
329
398
403
472
477
546
551
620
625
694
699
768
773
806
807
808
812
813
814
929
931
932
933
934
935
244
247
248
252
253
318
321
322
326
327
392
395
396
400
401
466
469
470
474
475
540
543
544
548
549
614
617
618
622
623
688
691
692
696
697
762
765
766
770
771
948
1046
1113
342
416
487
638
712
783
241
315
389
463
537
611
685
759
937
802
129
1380
855
1025
1092
245
319
393
467
541
615
689
763
878
104
107
242
243
316
317
390
391
464
465
538
539
612
613
686
687
760
761
1379
268
339
413
564
635
709
491
787
1024
1091
228
302
376
450
524
598
672
746
489
785
1029
1096
938
1050
1117
927
265
561
343
417
639
713
801
229
303
377
451
525
599
673
747
1378
341
415
637
711
943
90
98
936
877
800
1023
1090
269
565
1060
1127
1377
791
1054
1121
267
563
88
96
926
1022
1089
947
64
805
811
1057
1124
856
1062
1129
799
1068
1135
876
798
974
1376
925
1021
1088
1058
1125
108
999
1019
1086
148
182
1077
1144
1036
1103
199
273
347
421
495
569
643
717
858
922
1069
1136
794
1014
1061
1128
863
92
100
1028
1095
868
87
890
1371
924
797
1073
1075
1140
1142
875
898
899
900
901
902
903
904
905
1067
1134
93
101
119
950
1375
945
946
1020
1087
1384
1385
1386
1387
1394
1395
1396
1397
271
345
419
493
567
641
715
789
796
94
1035
1102
214
288
362
436
510
584
658
732
871
944
1079
1146
921
55
919
235
309
383
457
531
605
679
753
232
306
380
454
528
602
676
750
923
908
920
874
869
795
907
939
68
69
70
82
83
84
857
1016
859
911
860
266
340
414
488
562
636
710
784
86
914
970
52
62
861
915
1052
1119
263
270
337
344
411
418
485
492
559
566
633
640
707
714
781
788
49
231
234
305
308
379
382
453
456
527
530
601
604
675
678
749
752
793
866
1059
1126
867
120
216
219
290
293
364
367
438
441
512
515
586
589
660
663
734
737
961
962
963
964
965
966
967
968
969
994
959
864
1374
233
307
381
455
529
603
677
751
95
106
792
862
870
910
975
913
846
918
952
953
954
955
956
957
958
960
1040
1107
831
834
230
304
378
452
526
600
674
748
1070
1071
1137
1138
36
217
291
365
439
513
587
661
735
1034
1101
1373
823
1017
916
209
283
357
431
505
579
653
727
1033
1100
1372
820
211
285
359
433
507
581
655
729
1051
1053
1118
1120
110
210
284
358
432
506
580
654
728
822
837
821
1037
1039
1042
1104
1106
1109
833
836
824
825
105
909
1
2
3
4
5
6
7
8
11
12
13
14
15
16
17
18
19
20
21
22
31
32
34
35
44
144
145
178
179
1084
1085
1151
1152
1260
1369
1439
46
1261
1370
1452
1440
54
66
80
67
72
81
89
91
97
99
109
149
150
151
183
184
185
200
201
202
203
204
205
206
207
208
215
218
274
275
276
277
278
279
280
281
282
289
292
348
349
350
351
352
353
354
355
356
363
366
422
423
424
425
426
427
428
429
430
437
440
496
497
498
499
500
501
502
503
504
511
514
570
571
572
573
574
575
576
577
578
585
588
644
645
646
647
648
649
650
651
652
659
662
718
719
720
721
722
723
724
725
726
733
736
826
832
835
838
839
840
841
842
843
844
845
847
848
849
850
851
852
853
854
865
872
873
891
892
893
894
895
896
897
912
976
977
1015
1018
1030
1031
1032
1038
1041
1044
1045
1047
1048
1097
1098
1099
1105
1108
1111
1112
1114
1115
