1449
33
1424
1443
1447
1441
1442
1448
1444
1445
1446
130
40
43
9
25
29
26
10
23
30
27
28
24
37
1436
810
133
132
134
1418
167
166
168
1419
1438
1417
1437
997
1420
818
1431
1433
1405
1412
1434
346
1258
642
272
1413
1427
1367
1416
829
568
1428
1147
1422
1423
1406
1080
175
819
48
1409
1410
1421
141
176
494
1435
790
173
1257
142
1429
1425
1259
1407
1430
1432
139
1366
1408
1149
993
1082
1368
1414
1411
420
1415
830
716
177
1426
1404
143
828
1403
1402
1393
1392
992
174
1150
816
998
1083
140
996
995
1148
85
71
1081
817
827
146
180
1013
181
147
41
38
79
65
1451
78
61
73
56
46
1440
76
74
59
57
77
75
60
58
42
39
80
66
103
971
35
7
11
19
6
8
21
4
15
12
22
18
13
972
1012
16
14
5
17
44
45
1452
36
31
20
54
129
34
1450
32
1
2
107
811
805
855
1113
1046
450
746
672
598
376
302
228
524
119
1095
1028
451
747
673
599
377
303
229
525
991
791
794
990
863
3
1262
1132
1065
92
100
1153
1314
856
1288
138
182
148
1205
1371
1179
172
1340
1108
1041
977
897
873
826
736
733
662
659
588
585
514
511
440
437
366
363
292
289
218
215
185
151
99
97
91
89
81
67
1246
1231
1220
1355
136
1194
1329
1244
94
1353
1168
1303
93
135
1218
170
101
1327
1277
1192
1301
1166
169
1275
509
657
583
731
154
1264
1265
238
361
287
435
213
188
386
1155
312
534
1156
508
656
582
730
1316
460
682
1317
1290
608
1291
152
360
449
745
671
597
375
301
227
523
286
212
434
1207
756
1208
1181
1182
186
137
1342
1343
131
1247
1245
1356
128
1354
171
1221
1219
1233
1330
1328
1234
1195
1193
165
156
1304
1302
1167
1169
153
1278
1276
447
743
669
595
373
299
225
521
240
190
187
388
155
314
536
120
462
684
189
610
237
239
1263
124
1315
758
385
387
311
533
313
535
1289
1154
123
1206
459
681
461
683
1341
607
609
1180
127
755
757
1232
122
126
125
1183
1292
1266
486
782
1157
412
708
869
338
634
970
560
1209
1318
121
871
1235
1344
1126
1059
55
264
114
116
236
384
310
532
118
1130
1063
113
458
680
606
908
754
453
749
675
601
379
305
231
527
117
1005
112
1004
448
744
670
596
374
300
226
522
857
846
87
860
890
436
732
658
584
362
288
214
510
975
86
84
83
82
70
69
68
446
742
668
594
372
298
224
520
1003
1002
115
906
937
861
52
62
111
973
51
866
792
50
49
949
1268
1185
1294
1272
1270
1159
1001
1320
1163
1211
1271
1269
1189
1187
1298
1296
1273
1161
433
729
655
581
359
285
211
507
1162
1160
1164
1324
1322
1117
1050
1188
1186
1297
1295
1215
1213
1011
1190
1299
1323
1321
1214
1212
1325
1216
1237
1346
1010
1116
1049
53
864
1241
1239
1350
1348
452
748
674
600
378
304
230
526
1240
1238
1349
1347
192
158
1242
1351
198
164
196
162
194
160
1133
1066
948
110
432
728
654
580
358
284
210
506
483
779
1009
409
705
335
631
1332
1223
1358
1249
1401
1391
106
1122
1055
557
1008
917
1280
95
445
741
667
593
371
297
223
519
1171
1306
1197
910
870
1123
1056
862
439
735
661
587
365
291
217
513
1400
1399
1390
1389
261
1111
1105
1044
1038
1018
1015
896
895
894
893
892
891
865
853
852
851
849
848
847
844
843
842
840
839
838
835
832
726
652
578
504
430
356
282
208
184
183
150
149
109
72
1372
1398
1388
1014
1103
1036
63
108
444
740
666
592
370
296
222
518
105
947
1110
1043
909
1131
1064
916
1007
1017
443
739
665
591
369
295
221
517
1143
1076
989
1139
1072
102
1141
1074
1381
1006
988
1284
1145
1078
1175
1285
987
1227
1176
1336
834
831
1228
1337
942
195
161
197
163
1201
1310
1202
1311
986
1331
1222
193
159
1357
1248
941
484
780
706
632
410
336
558
985
262
1279
1305
1196
1170
940
833
836
978
88
157
984
1253
1362
1254
1363
191
983
96
1267
1158
982
804
1210
1319
981
1283
1174
1144
1077
801
1226
1335
1184
1293
980
1121
1054
1140
1073
1383
979
800
442
738
664
590
368
294
220
516
1142
1075
90
1200
1309
803
920
1146
1079
1380
802
98
1382
1236
1345
1000
1125
1058
1379
104
1128
1061
1252
1361
951
1094
1027
797
1102
1035
1093
1026
889
796
1127
1060
927
1376
888
1369
1260
919
799
1092
1025
798
887
1106
1039
421
717
643
569
347
273
199
495
1109
1104
1042
1037
1129
1062
1091
1024
943
926
886
1378
1377
885
1360
1251
1334
1225
925
884
1090
1023
1152
1151
1085
1084
1308
1199
1282
1173
1124
1057
179
178
145
144
1339
1230
1365
1256
1089
1022
883
924
922
882
1287
1178
1313
1204
1359
1250
1333
1224
874
491
787
1375
881
923
921
1281
1307
1198
1088
1021
1172
417
713
880
343
639
1135
1068
1098
1097
1031
1030
854
725
724
723
651
650
649
577
576
575
503
502
501
429
428
427
355
354
353
281
280
279
207
206
205
565
1439
1087
1020
490
786
1096
1029
269
879
878
416
712
47
1136
1069
342
638
930
915
914
564
481
777
703
629
407
333
259
555
487
783
256
478
774
700
626
404
330
552
1352
1243
877
1326
1217
876
938
1134
1067
413
709
268
1364
1255
1338
1229
1086
1019
480
776
702
628
406
332
258
554
339
635
479
775
701
627
405
331
257
553
471
767
693
619
397
323
249
545
476
772
698
624
402
328
254
550
1300
1191
1274
1165
260
482
778
704
630
408
334
556
246
251
468
764
690
616
394
320
542
473
769
695
621
399
325
547
561
1312
1203
1286
1177
875
470
766
692
618
396
322
248
544
475
771
697
623
401
327
253
549
469
765
691
617
395
321
247
543
474
770
696
622
400
326
252
548
466
762
688
614
392
318
244
540
265
815
809
250
255
472
768
694
620
398
324
546
477
773
699
625
403
329
551
241
463
759
685
611
389
315
537
465
761
687
613
391
317
243
539
814
808
813
807
464
760
686
612
390
316
242
538
245
467
763
689
615
393
319
541
793
1370
1261
812
806
431
727
653
579
357
283
209
505
489
785
454
750
676
602
380
306
232
528
928
935
415
711
933
931
929
457
753
679
605
383
309
531
235
341
637
934
932
563
488
784
710
636
414
340
562
913
266
1373
267
868
456
752
678
604
382
308
234
530
994
823
1101
1034
493
789
715
641
419
345
567
271
455
751
677
603
381
307
233
529
64
1100
1033
936
858
822
1119
1052
999
821
795
974
945
946
441
438
737
734
663
660
589
586
367
364
293
290
219
216
515
512
944
976
872
850
845
841
722
648
574
500
426
352
278
204
905
902
901
900
899
898
904
903
492
788
714
640
418
344
566
485
781
707
633
411
337
559
270
263
907
1397
1396
1395
1394
1387
1386
1385
1384
1107
1040
1016
1374
859
837
1137
1070
1138
1071
1120
1053
1118
1051
939
867
950
969
966
968
967
964
965
963
962
961
959
918
958
957
956
955
953
954
952
960
911
1112
1099
1045
1032
912
820
824
825
721
720
719
718
647
646
645
644
573
572
571
570
499
498
497
496
425
424
423
422
351
350
349
348
277
276
275
274
203
202
201
200
1114
1047
1115
1048
