33
1424
1449
1436
1418
1419
1417
1437
1438
818
1420
1433
1082
1149
829
1258
1367
1431
997
1422
1423
1434
1409
346
568
272
642
819
1083
1150
29
1416
141
142
175
176
1080
1147
830
1421
816
1259
1368
1435
993
1406
1412
1413
1427
1428
143
420
494
817
1081
1148
1257
1366
1405
139
173
177
716
790
828
998
1432
140
174
1407
1408
1414
1415
1429
1430
827
1404
25
26
30
995
996
1410
1411
1425
1426
992
27
28
23
24
1444
1446
1445
1447
1448
1443
1246
1355
1194
1220
1303
1329
1168
1262
1277
1153
1244
1245
1247
1264
1265
1288
1314
1353
1354
1356
1441
1442
1155
1156
1179
1192
1193
1195
1205
1218
1219
1221
1301
1302
1304
1327
1328
1330
1166
1167
1169
1275
1276
1278
1290
1291
1316
1317
1340
1181
1182
1207
1208
1231
1342
1343
1233
1234
509
583
657
731
213
287
361
435
131
236
508
582
656
730
1263
165
212
286
310
360
384
434
532
1154
1289
1315
238
240
458
606
680
1180
1206
1341
137
312
314
386
388
534
536
754
1232
171
237
239
460
462
608
610
682
684
156
311
313
385
387
533
535
756
758
138
153
154
190
459
461
607
609
681
683
127
155
172
187
188
755
757
126
128
189
121
125
136
152
135
170
186
169
114
124
118
123
111
113
122
116
117
112
115
51
53
50
1391
1401
1389
1390
1399
1400
483
779
1388
1398
335
409
631
705
261
486
557
782
338
412
634
708
264
560
906
1005
158
192
162
164
196
198
1004
160
194
1003
1159
1185
1211
1248
1268
1294
1320
1357
917
1002
1160
1161
1162
1163
1186
1187
1188
1189
1196
1212
1213
1214
1215
1222
1269
1270
1271
1272
1295
1296
1297
1298
1305
1321
1322
1323
1324
1331
1001
1164
1170
1190
1216
1237
1273
1279
1299
1325
1346
989
1238
1239
1240
1241
1347
1348
1349
1350
1242
1351
988
1000
1157
1183
1209
1266
1292
1318
987
1011
973
1235
1344
226
300
374
448
522
596
670
744
986
1010
1175
1227
1284
1336
223
297
371
445
519
593
667
741
985
1009
1201
1310
1450
227
301
375
449
523
597
671
745
63
984
1008
1253
1362
222
224
296
298
370
372
444
446
518
520
592
594
666
668
740
742
983
1007
1158
1174
1210
1226
1267
1283
1319
1335
225
299
373
447
521
595
669
743
982
1006
1176
1184
1200
1228
1285
1293
1309
1337
47
221
295
369
443
517
591
665
739
981
1202
1256
1311
1365
161
163
195
197
942
1204
1230
1236
1250
1252
1313
1339
1345
1359
1361
159
193
889
941
980
991
1056
1123
1178
1198
1224
1254
1287
1307
1333
1363
157
191
220
294
368
442
516
590
664
738
888
940
951
990
1055
1122
1172
1281
256
259
330
333
404
407
478
481
552
555
626
629
700
703
774
777
979
1049
1066
1116
1133
1243
1352
246
249
251
254
257
258
260
320
323
325
328
331
332
334
394
397
399
402
405
406
408
468
471
473
476
479
480
482
542
545
547
550
553
554
556
616
619
621
624
627
628
630
690
693
695
698
701
702
704
764
767
769
772
775
776
778
887
1191
1217
1255
1300
1326
1364
241
244
247
248
250
252
253
255
315
318
321
322
324
326
327
329
389
392
395
396
398
400
401
403
463
466
469
470
472
474
475
477
537
540
543
544
546
548
549
551
611
614
617
618
620
622
623
625
685
688
691
692
694
696
697
699
759
762
765
766
768
770
771
773
886
978
1029
1096
1165
1203
1229
1251
1274
1312
1338
1360
1383
242
243
245
316
317
319
390
391
393
464
465
467
538
539
541
612
613
615
686
687
689
760
761
763
938
1054
1121
1177
1199
1225
1249
1286
1308
1334
1358
262
336
410
484
490
558
632
706
780
786
885
930
1050
1064
1117
1131
1173
1197
1223
1282
1306
1332
1382
342
416
487
638
712
783
884
1171
1280
102
268
339
413
564
635
709
804
928
265
561
809
815
883
1060
1127
1381
803
807
808
813
814
882
929
931
932
933
934
935
937
1062
1076
1129
1143
489
785
802
806
812
1072
1074
1139
1141
104
341
415
491
637
711
787
881
936
1043
1078
1110
1145
64
267
343
417
563
639
713
880
927
1027
1094
1380
269
565
999
1026
1093
1378
1379
801
879
926
1377
799
800
878
943
974
1025
1092
90
98
199
273
347
421
495
569
643
717
798
925
947
948
949
1024
1061
1063
1065
1091
1128
1130
1132
1384
1385
1386
1387
1394
1395
1396
1397
271
345
419
493
567
641
715
789
877
945
946
1068
1135
858
876
924
944
1023
1035
1057
1058
1090
1102
1124
1125
1376
88
96
868
898
899
900
901
902
903
904
905
919
922
950
1016
1022
1067
1089
1134
1375
232
306
380
454
528
602
676
750
795
797
875
923
1036
1069
1077
1103
1136
1144
796
874
907
920
921
939
959
1021
1073
1075
1088
1140
1142
235
263
270
309
337
344
383
411
418
457
485
492
531
559
566
605
633
640
679
707
714
753
781
788
859
961
962
963
964
965
966
967
968
969
994
1019
1020
1052
1079
1086
1087
1119
1146
1374
216
219
266
290
293
340
364
367
414
438
441
488
512
515
562
586
589
636
660
663
710
734
737
784
837
918
952
953
954
955
956
957
958
960
1040
1107
108
234
308
382
456
530
604
678
752
867
911
1070
1071
1137
1138
233
307
381
455
529
603
677
751
793
913
914
915
1014
209
283
357
431
505
579
653
727
820
823
1034
1051
1053
1101
1118
1120
1033
1100
1373
822
824
821
825
831
834
1452
1
2
3
4
5
6
7
8
9
10
11
12
13
14
15
16
17
18
19
20
21
22
31
32
34
35
36
37
38
39
40
41
42
43
44
45
46
48
49
52
54
55
56
57
58
59
60
61
62
65
66
67
68
69
70
71
72
73
74
75
76
77
78
79
80
81
82
83
84
85
86
87
89
91
92
93
94
95
97
99
100
101
103
105
106
107
109
110
119
120
129
130
132
133
134
144
145
146
147
148
149
150
151
166
167
168
178
179
180
181
182
183
184
185
200
201
202
203
204
205
206
207
208
210
211
214
215
217
218
228
229
230
231
274
275
276
277
278
279
280
281
282
284
285
288
289
291
292
302
303
304
305
348
349
350
351
352
353
354
355
356
358
359
362
363
365
366
376
377
378
379
422
423
424
425
426
427
428
429
430
432
433
436
437
439
440
450
451
452
453
496
497
498
499
500
501
502
503
504
506
507
510
511
513
514
524
525
526
527
570
571
572
573
574
575
576
577
578
580
581
584
585
587
588
598
599
600
601
644
645
646
647
648
649
650
651
652
654
655
658
659
661
662
672
673
674
675
718
719
720
721
722
723
724
725
726
728
729
732
733
735
736
746
747
748
749
791
792
794
805
810
811
826
832
833
835
836
838
839
840
841
842
843
844
845
846
847
848
849
850
851
852
853
854
855
856
857
860
861
862
863
864
865
866
869
870
871
872
873
890
891
892
893
894
895
896
897
908
909
910
912
916
970
971
972
975
976
977
1012
1013
1015
1017
1018
1028
1030
1031
1032
1037
1038
1039
1041
1042
1044
1045
1046
1047
1048
1059
1084
1085
1095
1097
1098
1099
1104
1105
1106
1108
1109
1111
1112
1113
1114
1115
1126
1151
1152
1260
1261
1369
1370
1371
1372
1392
1393
1402
1403
1439
1440
1451
