1449
1443
1447
1441
1442
1448
1444
1445
1446
1424
23
24
25
26
27
28
29
30
33
991
990
1065
1132
1421
225
227
299
301
373
375
447
449
521
523
595
597
669
671
743
745
1404
1409
1416
1417
1418
1419
1420
1422
1423
1432
1433
1434
1435
1436
1437
1438
1063
1130
1405
937
996
949
992
993
995
998
1406
1407
1408
1410
1411
1412
1413
1414
1415
1425
1426
1427
1428
1429
1430
1431
1
2
3
4
5
6
7
8
11
12
13
14
15
16
17
18
19
20
21
22
31
32
34
35
44
135
136
138
169
170
172
224
226
298
300
372
374
446
448
520
522
594
596
668
670
742
744
948
997
1014
1081
1148
108
264
338
412
486
560
634
708
782
816
817
827
831
834
947
1036
1049
1050
1082
1083
1103
1116
1117
1149
1150
1157
1171
1183
1197
1209
1223
1235
1249
1266
1280
1292
1306
1318
1332
1344
1358
122
123
124
128
139
140
141
142
152
154
173
174
175
176
177
186
188
238
272
312
386
460
534
608
642
682
716
756
790
818
819
920
1080
1147
1257
1258
1259
1366
1367
1368
1381
88
96
143
346
420
494
568
796
797
800
801
828
829
830
919
1043
1073
1075
1077
1079
1110
1140
1142
1144
1146
1376
1379
1380
63
90
98
102
112
113
114
117
118
121
125
126
127
137
153
155
156
171
187
189
190
212
213
237
239
240
262
286
287
311
313
314
336
360
361
385
387
388
410
434
435
459
461
462
484
508
509
533
535
536
558
582
583
607
609
610
632
656
657
681
683
684
706
730
731
755
757
758
780
798
799
802
803
804
874
921
922
923
924
925
926
927
940
941
942
943
973
978
1006
1035
1055
1056
1061
1072
1074
1076
1078
1102
1122
1123
1128
1139
1141
1143
1145
1153
1166
1179
1192
1205
1218
1231
1244
1262
1275
1288
1301
1314
1327
1340
1353
1375
1377
1378
1382
1383
104
116
157
159
161
163
191
193
195
197
199
221
222
223
273
295
296
297
347
369
370
371
421
443
444
445
495
517
518
519
569
591
592
593
643
665
666
667
717
739
740
741
793
875
876
877
878
879
880
881
882
883
884
885
886
887
888
889
914
915
979
980
981
982
983
984
985
986
987
988
989
1001
1002
1003
1004
1005
1007
1008
1009
1010
1011
1019
1020
1021
1022
1023
1024
1025
1026
1027
1060
1069
1086
1087
1088
1089
1090
1091
1092
1093
1094
1127
1136
1373
1450
50
51
115
209
220
232
233
234
235
266
269
283
294
306
307
308
309
340
343
357
368
380
381
382
383
414
417
431
442
454
455
456
457
488
491
505
516
528
529
530
531
562
565
579
590
602
603
604
605
636
639
653
664
676
677
678
679
710
713
727
738
750
751
752
753
784
787
821
822
823
913
994
1033
1034
1054
1057
1058
1062
1064
1066
1067
1068
1100
1101
1121
1124
1125
1129
1131
1133
1134
1135
1173
1176
1199
1202
1225
1228
1251
1254
1282
1285
1308
1311
1334
1337
1360
1363
1452
131
165
216
219
290
293
364
367
438
441
512
515
586
589
660
663
734
737
795
868
930
1374
1440
47
53
64
158
160
162
164
192
194
196
198
241
242
243
244
245
246
247
248
249
250
251
252
253
254
255
256
257
258
259
260
261
263
265
267
268
270
271
315
316
317
318
319
320
321
322
323
324
325
326
327
328
329
330
331
332
333
334
335
337
339
341
342
344
345
389
390
391
392
393
394
395
396
397
398
399
400
401
402
403
404
405
406
407
408
409
411
413
415
416
418
419
463
464
465
466
467
468
469
470
471
472
473
474
475
476
477
478
479
480
481
482
483
485
487
489
490
492
493
537
538
539
540
541
542
543
544
545
546
547
548
549
550
551
552
553
554
555
556
557
559
561
563
564
566
567
611
612
613
614
615
616
617
618
619
620
621
622
623
624
625
626
627
628
629
630
631
633
635
637
638
640
641
685
686
687
688
689
690
691
692
693
694
695
696
697
698
699
700
701
702
703
704
705
707
709
711
712
714
715
759
760
761
762
763
764
765
766
767
768
769
770
771
772
773
774
775
776
777
778
779
781
783
785
786
788
789
806
807
808
809
812
813
814
815
837
858
859
867
898
899
900
901
902
903
904
905
906
907
917
918
928
929
931
932
933
934
935
936
938
939
944
945
946
950
951
952
953
954
955
956
957
958
959
960
961
962
963
964
965
966
967
968
969
974
999
1016
1029
1040
1051
1052
1053
1070
1071
1096
1107
1118
1119
1120
1137
1138
1154
1155
1156
1158
1159
1160
1161
1162
1163
1164
1165
1167
1168
1169
1170
1172
1174
1175
1177
1178
1180
1181
1182
1184
1185
1186
1187
1188
1189
1190
1191
1193
1194
1195
1196
1198
1200
1201
1203
1204
1206
1207
1208
1210
1211
1212
1213
1214
1215
1216
1217
1219
1220
1221
1222
1224
1226
1227
1229
1230
1232
1233
1234
1236
1237
1238
1239
1240
1241
1242
1243
1245
1246
1247
1248
1250
1252
1253
1255
1256
1263
1264
1265
1267
1268
1269
1270
1271
1272
1273
1274
1276
1277
1278
1279
1281
1283
1284
1286
1287
1289
1290
1291
1293
1294
1295
1296
1297
1298
1299
1300
1302
1303
1304
1305
1307
1309
1310
1312
1313
1315
1316
1317
1319
1320
1321
1322
1323
1324
1325
1326
1328
1329
1330
1331
1333
1335
1336
1338
1339
1341
1342
1343
1345
1346
1347
1348
1349
1350
1351
1352
1354
1355
1356
1357
1359
1361
1362
1364
1365
1384
1385
1386
1387
1388
1389
1390
1391
1394
1395
1396
1397
1398
1399
1400
1401
111
236
310
384
458
532
606
680
754
820
824
825
911
1000
9
10
36
37
38
39
40
41
42
43
45
46
48
49
52
54
55
56
57
58
59
60
61
62
65
66
67
68
69
70
71
72
73
74
75
76
77
78
79
80
81
82
83
84
85
86
87
89
91
92
93
94
95
97
99
100
101
103
105
106
107
109
110
119
120
129
130
132
133
134
144
145
146
147
148
149
150
151
166
167
168
178
179
180
181
182
183
184
185
200
201
202
203
204
205
206
207
208
210
211
214
215
217
218
228
229
230
231
274
275
276
277
278
279
280
281
282
284
285
288
289
291
292
302
303
304
305
348
349
350
351
352
353
354
355
356
358
359
362
363
365
366
376
377
378
379
422
423
424
425
426
427
428
429
430
432
433
436
437
439
440
450
451
452
453
496
497
498
499
500
501
502
503
504
506
507
510
511
513
514
524
525
526
527
570
571
572
573
574
575
576
577
578
580
581
584
585
587
588
598
599
600
601
644
645
646
647
648
649
650
651
652
654
655
658
659
661
662
672
673
674
675
718
719
720
721
722
723
724
725
726
728
729
732
733
735
736
746
747
748
749
791
792
794
805
810
811
826
832
833
835
836
838
839
840
841
842
843
844
845
846
847
848
849
850
851
852
853
854
855
856
857
860
861
862
863
864
865
866
869
870
871
872
873
890
891
892
893
894
895
896
897
908
909
910
912
916
970
971
972
975
976
977
1012
1013
1015
1017
1018
1028
1030
1031
1032
1037
1038
1039
1041
1042
1044
1045
1046
1047
1048
1059
1084
1085
1095
1097
1098
1099
1104
1105
1106
1108
1109
1111
1112
1113
1114
1115
1126
1151
1152
1260
1261
1369
1370
1371
1372
1392
1393
1402
1403
1439
1451
