142
419
327
422
326
280
335
532
23
45
287
125
216
161
231
93
278
201
59
411
117
51
85
202
165
72
50
518
236
227
573
100
157
163
524
346
207
314
212
53
43
206
442
546
579
446
387
84
270
394
348
386
143
194
350
307
159
246
30
337
291
315
333
520
121
187
73
412
500
513
328
184
179
127
132
433
149
234
471
222
217
186
225
183
87
574
220
444
80
311
538
167
489
39
593
515
198
241
547
308
344
218
401
19
70
61
540
273
131
508
118
249
407
71
297
392
68
494
253
430
213
340
154
377
64
530
323
204
367
512
361
7
585
388
146
453
237
385
247
564
191
413
299
16
292
382
126
316
332
302
158
476
577
504
74
75
284
559
119
215
474
443
224
582
397
229
437
156
219
28
34
440
495
499
256
223
240
54
94
572
52
423
364
542
330
459
421
362
27
503
436
506
325
395
88
277
152
351
26
565
175
548
113
317
140
174
58
12
482
295
155
424
522
56
252
427
129
541
102
96
283
309
355
375
477
76
493
455
507
469
360
214
18
570
329
372
562
331
420
182
275
193
196
171
78
594
69
321
580
251
505
554
460
472
566
445
79
44
235
379
2
528
38
22
451
111
188
415
245
192
120
406
534
123
40
458
462
378
468
189
356
535
279
342
591
259
293
303
480
4
13
21
590
169
33
242
396
486
8
466
400
208
596
32
36
491
103
244
381
3
147
261
425
29
276
116
384
90
319
17
368
86
416
484
567
248
390
106
383
575
10
549
170
239
429
233
418
267
300
250
180
99
452
525
373
592
5
232
89
181
359
408
141
109
296
409
563
298
185
358
268
339
9
391
560
31
271
306
15
42
465
153
581
496
255
473
439
114
569
404
151
349
148
435
257
533
597
363
274
449
399
336
95
115
46
145
190
82
211
178
134
578
41
448
366
310
81
365
313
441
517
457
426
47
510
475
551
371
588
584
498
380
200
262
568
587
492
456
393
138
403
136
434
260
137
544
128
523
290
263
454
238
254
168
226
281
62
6
483
122
67
557
294
558
470
485
405
265
35
497
130
576
334
511
195
77
139
464
269
176
502
487
301
258
110
490
144
589
1
343
414
438
104
479
320
160
289
97
519
14
552
162
374
509
537
516
536
312
24
304
221
272
243
288
521
447
286
571
172
481
318
92
467
514
105
264
55
150
354
209
37
398
463
135
555
49
550
91
478
63
583
353
20
305
347
173
527
107
203
230
428
48
25
11
370
166
205
228
83
177
461
345
595
369
133
543
561
101
285
432
553
417
66
210
410
98
352
266
341
556
199
376
65
586
108
112
282
450
338
324
501
545
389
402
197
57
164
357
124
531
539
488
529
431
526
60
322
