192
245
194
187
184
189
185
181
22
195
201
23
188
193
35
202
18
191
42
31
180
10
203
183
103
182
6
34
14
197
1
244
199
198
196
19
78
38
73
186
178
11
128
72
55
44
174
138
7
43
2
15
68
21
64
30
47
39
143
26
3
93
67
20
16
45
36
190
8
63
179
32
228
108
17
12
65
4
94
208
210
121
58
227
209
144
40
13
206
145
131
49
33
134
48
9
102
41
5
211
76
98
66
140
37
52
129
207
83
59
27
205
124
204
132
135
119
95
113
104
50
114
166
139
57
130
109
99
60
71
96
172
24
164
69
28
200
230
171
162
88
77
106
225
136
133
61
25
70
56
46
175
74
53
176
141
29
142
127
100
84
122
117
85
79
159
62
118
146
101
137
115
75
51
105
80
90
243
81
229
125
54
213
111
214
173
226
120
177
112
107
217
215
86
234
231
126
97
154
235
216
223
232
233
92
168
158
157
150
89
170
165
147
169
116
167
241
82
161
123
163
160
156
219
110
91
153
149
151
155
224
222
152
238
237
218
221
212
148
87
242
236
240
239
220
