213
35
36
37
38
39
40
41
42
43
44
45
46
47
48
49
50
51
52
53
54
55
56
57
58
59
60
61
62
63
64
127
95
128
96
159
160
33
34
166
163
97
162
65
164
161
170
165
169
174
99
67
167
172
168
176
175
111
79
129
171
173
100
68
130
98
66
240
223
103
101
71
69
177
104
72
107
131
75
105
73
178
108
76
143
102
110
114
78
82
112
109
70
115
80
83
77
113
81
106
74
116
84
132
244
180
218
117
85
238
139
217
227
135
214
229
221
219
118
236
86
234
137
216
231
242
225
140
119
87
147
133
136
146
145
144
142
228
141
120
224
88
237
148
222
179
121
89
138
122
232
90
149
126
94
123
91
220
134
124
150
92
239
158
125
151
93
226
233
152
230
153
215
154
241
155
235
156
157
245
209
206
208
204
207
202
200
205
198
203
196
201
194
199
192
197
210
195
193
191
211
212
188
189
190
187
186
185
181
183
182
184
30
32
27
23
19
31
29
15
28
26
25
24
22
21
11
20
18
17
16
14
13
7
12
10
9
8
6
5
3
2
4
1
243
