126
94
158
125
93
235
157
124
92
241
156
123
91
215
155
122
90
230
154
121
89
226
153
120
88
239
152
119
87
220
151
118
86
232
150
117
85
222
149
116
84
236
161
148
115
83
217
162
147
128
96
160
114
82
127
95
159
227
163
146
113
81
229
164
145
112
80
214
165
111
79
144
240
166
143
110
78
221
167
142
109
77
231
168
141
108
76
219
169
140
107
75
238
170
139
106
74
224
171
138
105
73
234
172
137
104
72
242
173
136
103
71
216
174
135
228
102
70
175
134
225
101
69
176
133
100
68
237
132
177
218
99
67
131
178
98
66
233
130
179
97
65
223
129
180
33
34
35
36
37
38
39
40
41
42
43
44
45
46
47
48
49
50
51
52
53
54
55
56
57
58
59
60
61
62
63
64
209
208
206
207
205
204
203
202
201
200
199
210
198
197
196
195
194
193
191
192
190
189
187
188
186
185
184
183
182
181
211
212
244
245
30
32
27
23
19
31
29
28
26
15
25
24
22
21
20
11
18
17
16
14
13
12
7
10
9
8
6
5
4
3
2
1
243
1
