244
245
178
180
177
168
179
161
176
169
171
165
167
162
173
164
174
163
172
175
170
166
12
11
16
8
15
7
4
10
19
14
6
3
18
13
9
5
2
17
224
1
138
140
147
132
136
141
145
139
146
131
142
143
135
137
144
134
156
155
154
153
149
152
150
151
157
133
129
241
235
215
230
222
226
232
239
220
148
158
218
242
233
231
219
217
234
229
238
221
216
236
227
214
240
228
25
159
160
26
225
130
23
27
33
34
28
36
37
38
43
44
45
50
51
52
57
58
59
60
39
40
41
42
46
47
48
49
53
54
55
56
61
62
63
64
20
22
223
24
21
29
35
213
237
76
72
68
94
84
82
80
92
70
78
83
77
74
93
81
91
90
85
89
86
88
87
75
71
73
67
69
79
126
124
125
123
122
117
121
118
120
119
65
115
108
104
114
106
107
100
113
109
112
99
110
103
102
111
105
101
66
97
116
98
190
181
184
192
183
199
197
198
200
194
196
193
195
208
207
206
205
204
203
202
201
191
209
189
188
95
187
186
185
182
31
127
96
128
210
211
212
30
32
243
