245
243
200
152
116
101
242
199
190
87
81
241
202
191
82
30
240
236
209
83
31
239
196
186
84
32
244
238
204
85
29
234
212
163
86
25
237
224
211
24
198
173
88
34
235
208
89
28
227
215
147
90
27
233
214
91
26
232
165
110
92
231
207
93
221
216
153
94
230
218
213
95
75
229
203
167
156
96
228
210
148
97
217
159
141
98
226
220
197
99
225
205
168
100
201
206
160
223
222
169
219
161
151
179
170
193
149
79
80
177
146
104
155
105
74
195
1
38
2
150
39
3
40
4
111
51
5
112
52
6
154
113
53
7
114
54
8
41
9
157
102
42
10
158
103
43
11
115
55
12
56
13
117
57
14
162
118
58
15
44
16
164
45
17
106
46
18
166
119
59
19
120
60
20
121
61
21
122
62
22
107
47
23
171
108
48
172
109
49
50
174
123
63
175
124
64
176
125
65
126
66
142
188
137
69
133
68
138
127
140
135
136
130
129
131
128
76
145
134
77
71
132
67
143
139
144
37
70
33
72
73
78
189
185
181
183
35
178
36
180
184
182
187
194
192
