89
81
86
84
82
88
87
90
85
83
215
207
212
210
208
214
213
216
211
209
106
105
104
103
102
101
100
99
98
97
96
95
94
93
92
91
232
231
230
229
228
227
226
225
224
223
222
221
220
219
218
217
116
115
113
111
110
107
121
120
118
108
119
117
114
109
112
78
77
76
75
74
73
72
71
70
69
68
67
66
65
79
122
16
242
241
239
237
236
80
233
244
234
245
243
240
235
238
204
203
202
201
200
199
198
197
196
195
194
193
192
191
205
15
14
13
12
11
10
9
8
7
6
5
4
3
2
1
142
64
63
62
61
60
59
58
57
56
55
54
53
52
51
50
49
48
47
46
45
44
43
42
41
40
39
38
37
36
35
34
33
17
206
141
140
139
138
137
136
135
134
133
132
131
130
129
128
127
190
189
188
187
186
185
184
183
182
181
180
179
178
177
176
175
174
173
172
171
170
169
168
167
166
165
164
163
162
161
160
159
143
32
31
30
29
28
27
26
25
24
23
22
21
20
19
18
158
157
156
155
154
153
152
151
150
149
148
147
146
145
144
123
126
125
124
