213
126
94
158
125
93
235
157
124
92
241
156
123
91
215
155
122
90
230
154
121
89
226
153
120
88
239
152
119
87
220
151
118
86
232
150
117
85
161
222
149
116
84
236
162
148
115
83
217
163
147
114
82
227
146
164
113
81
229
145
165
166
112
80
214
111
79
240
144
143
128
96
160
127
95
159
110
78
167
221
142
109
77
168
231
141
169
108
76
219
140
170
107
75
238
139
106
74
224
171
138
105
73
234
172
137
104
72
242
173
136
103
71
216
174
135
228
175
102
70
134
225
176
101
69
133
237
100
68
132
177
218
99
67
131
178
233
98
66
130
179
223
97
65
129
180
33
34
209
208
206
207
204
205
202
203
200
201
198
199
196
210
197
194
195
192
193
191
188
189
190
187
186
185
184
181
182
183
211
212
35
36
37
38
39
40
41
42
43
44
45
46
47
48
49
50
51
52
53
54
55
56
57
58
59
60
61
62
63
64
244
245
32
30
27
23
19
31
29
15
28
26
25
24
22
21
11
20
18
17
16
14
13
7
12
10
9
8
6
5
2
3
4
1
243
