213
244
245
126
94
158
235
125
93
157
241
124
92
156
215
123
91
155
230
122
90
154
226
121
89
153
239
120
88
152
220
119
87
151
232
118
86
150
222
117
85
149
236
116
84
148
217
115
83
161
147
227
114
82
162
146
128
96
160
229
127
95
113
81
159
163
145
214
112
164
80
240
144
111
79
143
165
166
221
110
78
142
231
109
77
167
141
168
219
108
76
238
140
107
75
169
139
224
106
74
170
138
234
171
105
73
137
242
172
104
72
136
216
103
71
173
135
228
102
70
174
134
225
175
101
69
133
237
176
100
68
132
218
99
67
131
177
98
233
66
130
178
97
65
129
223
179
180
33
34
64
63
62
61
60
59
58
57
56
55
54
53
52
51
50
49
48
47
46
45
44
43
42
41
40
39
38
37
36
35
209
208
206
207
204
202
205
200
203
198
201
196
199
194
210
197
192
195
193
191
188
189
190
187
211
212
186
185
181
183
182
184
32
30
27
23
19
31
29
28
15
25
26
24
22
21
20
11
18
17
16
14
9
13
12
7
10
8
6
2
5
4
3
1
243
