158
94
126
235
157
93
125
241
156
92
124
215
155
91
123
230
154
90
122
226
153
89
121
239
152
88
120
220
151
87
119
232
150
86
118
222
149
85
117
161
236
148
84
116
162
217
147
83
115
163
227
146
82
114
213
164
229
145
81
113
165
214
144
80
112
160
96
128
159
166
95
127
240
143
79
111
167
221
142
78
110
231
168
141
77
109
169
219
140
76
108
170
238
139
75
107
224
171
138
74
106
234
172
137
73
105
242
136
173
72
104
216
174
135
71
103
228
134
175
70
102
176
225
133
69
101
237
132
177
68
100
178
218
131
67
99
233
179
66
98
130
223
180
129
65
97
209
208
206
207
204
205
202
203
210
200
201
198
199
196
197
194
195
192
193
191
188
189
190
187
186
185
184
181
182
183
211
212
33
34
35
36
37
38
39
40
41
42
43
44
45
46
47
48
49
50
51
52
53
54
55
56
57
58
59
60
61
62
63
64
30
31
29
27
28
32
26
25
23
24
22
21
19
20
18
17
15
16
14
13
11
12
10
9
7
8
6
5
2
3
4
1
243
244
245
