1
179
181
141
145
138
142
84
166
242
102
36
37
93
259
13
85
81
191
187
92
186
184
183
188
182
140
235
268
190
185
143
128
139
45
164
87
180
248
89
79
355
91
243
192
255
5
15
448
447
449
276
83
35
101
162
12
7
2
260
4
137
94
261
6
238
134
112
266
163
8
203
153
278
272
80
253
170
97
193
202
240
165
274
281
88
336
267
77
157
125
158
271
251
9
201
189
11
103
152
86
14
339
246
168
100
194
264
38
347
289
265
196
129
96
234
124
98
239
60
10
195
82
294
273
206
167
151
252
197
205
277
262
325
169
135
263
254
120
130
57
290
121
115
245
275
99
95
258
175
119
287
317
173
51
174
117
78
283
3
123
198
150
114
156
161
126
354
42
118
63
250
148
136
40
46
199
131
279
286
226
127
247
176
244
116
280
39
270
113
132
177
285
257
147
62
225
331
228
16
200
43
71
216
146
394
74
65
349
318
217
219
55
90
155
75
357
314
41
178
236
52
330
282
68
375
172
229
423
249
34
393
66
70
149
415
406
159
33
67
434
416
49
256
343
50
241
293
237
227
64
122
297
58
232
292
160
110
414
346
76
53
54
61
338
413
420
59
395
288
419
359
154
30
397
144
32
403
69
171
73
31
425
25
426
421
304
29
348
269
427
441
341
26
111
72
431
23
320
422
108
17
18
396
306
21
309
231
204
424
368
351
224
284
19
432
350
366
28
109
107
312
56
308
438
27
352
326
302
433
104
24
327
20
22
218
296
408
376
47
310
105
353
398
410
345
106
409
303
207
337
209
221
213
215
295
405
418
298
417
291
407
435
222
446
371
322
412
214
344
305
301
324
356
220
399
313
333
316
443
436
442
335
48
133
329
212
44
211
323
334
390
208
378
370
440
210
369
428
367
365
391
363
362
361
340
364
402
311
360
445
233
385
444
230
404
392
319
411
389
300
401
400
332
315
439
223
342
358
328
379
321
299
373
430
437
429
381
307
380
372
374
377
384
387
388
382
383
386
