438
435
436
437
433
274
369
242
434
243
275
432
273
241
368
431
272
240
367
430
239
271
366
429
365
238
270
428
364
269
237
427
363
426
268
236
425
362
267
235
266
424
361
234
423
265
360
422
233
264
421
232
359
263
420
231
419
358
417
262
230
258
353
418
226
401
400
399
357
259
416
261
227
354
398
229
397
415
396
260
356
395
228
355
414
394
257
393
225
352
256
351
392
224
413
73
391
223
350
255
412
407
408
406
405
390
410
411
349
222
409
72
404
254
403
389
221
348
253
387
347
388
220
346
385
70
345
219
386
252
218
342
344
251
341
216
343
217
384
215
214
250
249
340
370
402
383
247
248
213
246
382
212
245
381
380
379
37
339
204
244
205
378
203
377
376
373
372
374
375
202
208
209
210
206
371
211
441
323
324
325
326
327
328
329
330
331
332
333
334
335
336
337
35
307
308
309
310
311
312
313
314
315
316
317
318
319
320
321
322
276
277
278
279
280
281
282
283
284
285
286
287
288
289
290
291
292
293
294
295
296
297
298
299
300
301
302
303
304
305
306
154
157
156
155
159
158
160
161
90
93
92
91
95
94
96
194
138
197
141
196
140
195
199
139
143
198
142
97
200
144
201
145
74
77
76
75
79
78
130
80
133
132
131
135
134
136
81
137
162
207
165
164
178
163
167
166
181
180
179
183
168
182
184
186
189
169
188
187
191
190
185
192
98
101
100
99
103
193
102
114
117
104
116
115
119
170
118
173
172
171
175
120
174
176
146
149
105
148
147
151
150
152
121
177
122
125
124
123
127
440
82
126
153
85
84
128
83
87
86
88
129
89
106
109
108
107
111
110
112
113
338
443
449
446
448
39
442
36
38
447
40
41
42
43
44
45
46
47
48
49
50
51
52
53
54
55
56
57
58
59
60
61
62
63
64
65
66
67
68
69
444
1
2
3
4
445
439
5
6
7
8
9
10
11
12
13
14
15
16
17
18
19
20
21
22
23
24
25
26
27
28
29
30
31
32
33
34
71
