341
214
246
229
420
356
386
340
261
213
242
369
274
433
385
245
104
100
105
103
168
102
164
99
169
167
101
98
166
163
165
162
192
188
193
191
128
124
129
127
190
187
126
123
189
186
125
122
96
92
97
95
160
156
161
94
159
91
158
93
90
155
157
154
176
172
177
175
112
108
80
76
144
113
140
81
88
111
84
145
174
79
143
89
171
87
110
78
107
152
173
142
148
170
75
139
86
153
83
151
200
196
109
201
106
77
199
74
141
138
85
82
150
147
136
132
198
137
195
135
149
146
197
194
134
131
133
130
184
180
185
183
120
182
116
179
121
119
181
178
118
115
117
114
228
419
355
441
260
384
212
383
323
324
325
326
327
328
329
330
331
332
333
334
335
336
337
277
278
279
280
281
282
283
284
285
286
287
288
289
290
291
292
293
294
295
296
297
298
299
300
301
302
303
304
305
306
276
241
339
368
440
244
273
432
448
307
308
309
310
311
312
313
314
315
316
317
318
319
320
321
322
73
443
449
446
382
418
354
207
227
338
259
353
417
72
240
226
367
272
258
431
380
381
401
379
70
400
239
366
416
271
352
430
399
225
257
398
378
238
415
365
351
397
377
270
224
429
256
396
376
395
237
364
269
414
428
350
71
37
442
39
35
38
36
447
40
41
42
43
44
45
46
47
48
49
50
51
52
53
54
55
56
57
58
59
60
61
62
63
64
65
66
67
68
69
444
5
6
7
8
9
10
11
12
13
14
15
16
17
18
19
20
21
22
23
24
25
26
27
28
29
30
31
32
33
34
1
2
3
4
445
436
439
435
437
438
1
1
1
1
1
1
1
1
1
1
1
1
1
1
1
1
1
1
1
1
1
1
1
1
1
1
1
1
1
1
1
1
1
1
1
1
1
1
1
1
1
1
1
1
1
1
1
1
1
1
1
1
1
1
1
1
1
1
1
1
1
1
1
1
1
1
1
1
1
1
1
1
1
1
1
1
1
1
1
1
1
1
1
1
1
1
1
1
1
1
1
1
