436
447
403
39
244
98
223
170
82
99
186
101
178
171
90
173
83
194
85
216
187
189
100
74
179
181
103
195
197
91
102
172
93
84
106
75
105
175
77
104
87
188
439
180
174
86
191
196
177
241
138
183
176
89
88
92
190
199
182
215
240
76
193
198
239
185
95
192
248
184
201
79
238
200
139
94
141
449
237
78
446
97
96
236
81
242
247
80
226
235
130
122
245
140
225
234
107
219
162
143
131
114
133
109
233
142
123
125
224
146
145
144
163
165
115
232
117
132
231
147
255
135
371
149
124
134
154
127
164
116
137
273
136
126
272
119
167
271
251
129
118
38
270
148
128
166
230
269
155
121
120
108
151
169
168
268
157
257
150
267
153
152
222
266
256
221
444
111
156
265
44
45
46
47
52
53
54
55
60
61
62
63
68
69
40
41
42
43
48
49
50
51
56
57
58
59
64
65
66
67
159
263
229
220
441
110
264
158
161
160
275
214
262
252
113
112
249
246
404
261
406
228
253
218
434
243
374
375
260
213
372
407
414
258
400
408
378
202
399
416
227
217
398
397
415
432
396
410
431
274
430
395
429
428
422
440
427
369
382
394
426
339
368
425
367
366
393
421
365
364
424
363
259
343
362
392
384
379
423
361
250
412
212
360
254
420
347
411
391
359
383
340
358
390
357
419
342
346
405
389
356
341
376
418
350
417
352
351
207
388
345
355
413
353
344
291
287
284
280
290
288
278
279
276
286
282
289
285
277
283
281
293
294
295
296
297
298
299
300
301
302
303
304
305
306
433
292
409
373
370
380
387
307
311
314
318
308
310
320
319
322
312
316
309
313
348
321
315
317
349
336
335
334
333
332
331
330
329
328
327
326
325
324
323
337
401
385
354
386
377
381
445
2
32
31
33
34
4
3
1
23
24
30
17
28
18
27
19
20
25
29
16
22
26
21
7
8
9
10
11
12
13
14
15
5
6
402
338
442
70
443
448
36
35
210
209
203
204
205
206
208
37
211
72
73
71
438
437
435
