449
448
447
446
445
444
443
442
441
440
439
438
437
436
435
434
433
432
431
430
429
428
427
426
425
424
423
422
421
420
419
418
417
416
415
414
413
412
411
410
409
408
407
406
405
404
403
402
401
400
399
398
397
396
395
394
393
392
391
390
389
388
387
386
385
384
383
382
381
380
379
378
377
376
375
374
373
372
371
370
369
368
367
366
365
364
363
362
361
360
359
358
357
356
355
354
353
352
351
350
349
348
347
346
345
344
343
342
341
340
339
338
337
336
335
334
333
332
331
330
329
328
327
326
325
324
323
322
321
320
319
318
317
316
315
314
313
312
311
310
309
308
307
306
305
304
303
302
301
300
299
298
297
296
295
294
293
292
291
290
289
288
287
286
285
284
283
282
281
280
279
278
277
276
275
274
273
272
271
270
269
268
267
266
265
264
263
262
261
260
259
258
257
256
255
254
253
252
251
250
249
248
247
246
245
244
243
242
241
240
239
238
237
236
235
234
233
232
231
230
229
228
227
226
225
224
223
222
221
220
219
218
217
216
215
214
213
212
211
210
209
208
207
206
205
204
203
202
201
200
199
198
197
196
195
194
193
192
191
190
189
188
187
186
185
184
183
182
176
22
177
48
178
21
180
20
104
40
105
33
106
23
107
24
108
26
109
27
110
28
111
29
112
31
113
34
114
38
115
35
116
32
117
36
118
41
119
44
120
47
121
43
122
30
123
25
124
39
125
46
126
42
127
37
128
45
129
19
130
18
131
17
132
14
133
16
144
90
4
136
3
146
147
148
49
149
50
150
51
5
151
52
6
152
53
7
153
54
8
154
55
155
56
156
57
157
58
158
59
9
159
60
10
160
61
11
161
62
12
162
63
163
64
164
65
165
66
166
67
13
167
68
168
69
15
169
70
170
71
171
72
172
73
173
74
174
75
175
76
2
95
134
88
82
99
79
80
97
85
86
83
77
84
100
98
89
103
87
78
142
135
143
141
138
137
145
96
92
93
94
101
102
139
140
91
81
1
179
181
