434
243
275
433
242
274
369
432
241
273
368
240
431
272
367
239
430
271
366
238
429
270
365
428
237
269
364
427
236
268
363
426
235
267
362
425
234
266
361
424
233
265
360
423
232
264
422
359
231
263
421
358
230
262
420
357
229
261
419
356
228
260
355
418
417
416
259
227
354
353
258
226
401
415
400
399
398
352
225
257
414
397
396
351
224
395
256
413
412
394
350
223
255
411
410
408
349
222
407
409
254
393
406
348
221
253
405
392
404
220
347
252
391
403
219
346
251
390
218
345
250
389
217
344
249
388
216
343
387
248
370
402
342
215
247
214
341
246
386
385
340
213
245
384
383
212
73
382
339
244
72
380
381
379
70
378
377
376
203
375
204
202
374
205
373
372
206
371
208
209
210
211
98
99
100
101
102
103
104
105
162
163
164
165
166
167
168
169
122
123
124
125
126
127
128
129
186
187
188
189
190
191
192
193
90
91
92
93
94
95
96
97
154
155
156
157
158
159
160
161
82
83
84
85
86
87
88
89
74
75
76
77
78
79
80
81
106
107
108
109
110
111
112
113
138
139
140
141
142
143
144
145
146
147
148
149
150
151
152
153
170
171
172
173
174
175
176
177
130
131
132
133
134
135
136
137
194
195
196
197
198
199
200
201
114
115
116
117
118
119
120
121
178
179
180
181
182
183
184
185
441
323
324
325
326
327
328
329
330
331
332
333
334
335
336
337
276
277
278
279
280
281
282
283
284
285
286
287
288
289
290
291
292
293
294
295
296
297
298
299
300
301
302
303
304
305
306
440
307
308
309
310
311
312
313
314
315
316
317
318
319
320
321
322
448
443
449
207
446
338
35
436
37
36
435
437
442
438
39
71
38
444
5
6
7
8
9
10
11
12
13
14
15
16
17
18
19
20
21
22
23
24
25
26
27
28
29
30
31
32
33
34
1
2
3
4
445
447
40
41
42
43
44
45
46
47
48
49
50
51
52
53
54
55
56
57
58
59
60
61
62
63
64
65
66
67
68
69
439
