243
402
213
203
204
212
73
72
205
406
214
206
341
405
160
152
168
144
128
176
112
136
104
120
200
76
96
100
192
92
80
246
84
88
108
116
184
124
188
140
132
172
164
156
148
386
180
196
404
103
111
175
87
79
159
191
95
167
151
183
127
199
143
105
223
119
135
193
201
177
113
169
89
81
145
97
121
129
185
242
161
153
137
340
385
369
433
274
420
245
222
384
229
241
419
221
368
356
432
273
261
348
383
253
240
339
228
220
431
244
367
355
418
272
347
260
382
70
252
417
174
126
166
190
110
158
78
86
102
150
198
134
94
142
182
118
123
107
99
239
187
163
430
155
171
131
91
147
139
83
75
115
179
195
366
271
219
370
125
381
346
390
101
109
93
173
165
77
85
354
133
189
141
149
157
227
197
122
117
186
98
106
181
429
162
380
416
251
170
90
154
138
82
146
74
130
238
178
194
114
259
365
353
270
226
441
401
218
258
389
379
428
415
345
237
440
400
364
250
269
276
306
305
304
303
302
301
300
299
298
297
296
295
294
293
292
291
290
289
288
287
286
285
284
283
282
281
280
279
278
277
427
399
388
330
329
328
327
326
325
324
323
337
336
335
334
333
332
331
217
236
352
448
225
414
443
344
363
398
426
449
268
257
446
207
322
321
320
319
318
317
316
315
314
313
312
311
310
309
308
307
249
378
387
413
397
235
425
338
351
362
224
377
267
396
216
412
256
424
343
434
395
275
411
410
248
234
423
376
408
361
409
202
266
215
422
350
342
407
421
394
233
247
255
360
265
375
349
232
438
210
359
435
264
436
208
254
437
393
209
231
403
374
358
263
230
211
373
357
262
392
372
391
37
35
71
36
442
39
38
447
69
68
67
66
65
64
63
62
61
60
59
58
57
56
55
54
53
52
51
50
49
48
47
46
45
44
43
42
41
40
444
445
4
3
2
1
439
34
33
32
31
30
29
28
27
26
25
24
23
22
21
20
19
18
17
16
15
14
13
12
11
10
9
8
7
6
5
371
