406
405
404
223
222
221
348
253
220
370
347
252
390
219
346
251
389
218
345
388
250
387
217
344
249
216
386
343
248
243
385
384
383
382
381
215
380
342
247
379
214
341
246
402
340
245
378
377
339
244
376
375
374
373
70
202
372
371
213
441
212
276
277
278
279
280
281
282
283
284
285
286
287
288
289
290
291
292
293
294
295
296
297
298
299
300
301
302
303
304
305
306
73
448
443
106
122
170
186
109
72
173
125
449
446
82
114
74
146
162
90
98
130
178
154
85
117
138
77
149
194
165
93
101
133
181
141
157
189
197
208
107
123
171
440
187
83
115
75
147
163
91
99
131
179
155
139
195
110
174
323
324
325
326
327
328
329
330
126
331
332
333
334
335
336
337
338
86
150
78
102
118
166
94
134
158
182
307
308
309
310
311
312
313
314
315
316
317
318
319
320
321
322
142
190
209
198
210
207
211
111
127
175
87
151
103
167
79
95
119
135
159
183
191
143
199
108
124
172
89
81
97
105
121
113
129
137
145
153
161
169
177
185
193
201
164
84
148
100
116
76
92
132
156
180
188
140
196
112
128
176
88
152
104
168
80
96
120
136
160
184
192
144
200
204
205
203
206
436
435
35
437
36
438
37
442
39
38
5
6
7
8
9
10
11
12
13
14
15
16
17
18
19
20
21
22
23
24
25
26
27
28
29
30
31
32
33
34
444
40
41
42
43
44
45
46
47
48
49
50
51
52
53
54
55
56
57
58
59
60
61
62
63
64
65
66
67
68
69
447
71
1
2
3
4
439
445
224
225
226
227
228
229
230
231
232
233
234
235
236
237
238
239
240
241
242
254
255
256
257
258
259
260
261
262
263
264
265
266
267
268
269
270
271
272
273
274
275
349
350
351
352
353
354
355
356
357
358
359
360
361
362
363
364
365
366
367
368
369
391
392
393
394
395
396
397
398
399
400
401
403
407
408
409
410
411
412
413
414
415
416
417
418
419
420
421
422
423
424
425
426
427
428
429
430
431
432
433
434
