243
203
402
204
205
206
213
73
72
212
152
160
144
168
136
120
112
128
176
200
104
80
96
88
184
192
76
84
92
116
100
108
124
132
140
180
188
148
156
172
164
196
87
79
111
103
183
159
175
95
151
191
199
143
119
167
105
127
135
201
177
113
121
185
193
89
81
145
169
97
153
161
129
137
210
211
209
208
70
215
214
342
247
202
246
341
78
86
182
118
150
158
174
190
198
134
166
110
126
142
94
102
245
340
107
115
123
131
99
147
155
139
244
83
91
339
163
75
171
179
187
195
406
71
405
440
404
207
125
77
133
93
101
109
85
117
141
149
157
197
173
181
403
165
189
106
138
82
90
98
122
130
146
154
114
178
74
162
186
170
194
218
35
217
221
222
36
216
219
220
223
226
224
225
227
229
230
228
250
253
254
249
256
258
348
252
255
257
344
345
349
248
351
353
231
251
347
350
352
232
343
371
372
259
346
354
373
374
233
235
234
261
262
409
260
356
357
238
355
412
236
237
239
240
241
263
376
377
242
375
383
385
410
411
413
414
264
358
381
382
408
415
416
359
378
380
384
386
387
388
389
407
417
379
390
265
391
266
267
360
418
361
362
392
268
269
270
271
272
273
393
394
420
421
274
363
364
365
366
367
368
419
275
369
395
396
397
398
399
400
401
422
423
442
424
370
425
426
427
428
429
430
431
432
433
434
37
1
2
3
4
5
6
7
8
9
10
11
12
13
14
15
16
17
18
19
20
21
22
23
24
25
26
27
28
29
30
31
32
33
34
38
39
276
277
278
279
280
281
282
283
284
285
286
287
288
289
290
291
292
293
294
295
296
297
298
299
300
301
302
303
304
305
306
307
308
309
310
311
312
313
314
315
316
317
318
319
320
321
322
323
324
325
326
327
328
329
330
331
332
333
334
335
336
337
435
436
437
438
439
441
443
444
445
446
447
448
449
40
41
42
43
44
45
46
47
48
49
50
51
52
53
54
55
56
57
58
59
60
61
62
63
64
65
66
67
68
69
338
