197
188
195
194
198
490
257
201
196
238
203
204
248
199
233
232
192
189
243
202
205
247
230
200
143
152
193
231
131
266
134
362
256
178
155
276
239
214
171
229
218
258
208
128
14
237
119
250
268
165
211
252
10
292
170
158
9
74
313
148
144
139
169
71
15
162
376
18
457
176
13
259
168
339
130
174
133
307
255
419
240
147
414
234
154
66
273
415
360
340
285
206
157
245
79
212
77
275
12
73
235
187
282
16
242
142
153
55
156
76
241
185
83
389
125
81
420
11
346
172
72
61
321
129
236
46
301
173
17
398
393
395
274
163
422
179
62
390
207
183
167
96
272
58
51
308
109
149
191
333
56
283
151
305
186
63
330
326
52
309
319
216
50
215
224
343
5
126
127
164
145
49
141
120
244
370
114
251
146
476
182
140
460
368
401
416
338
54
177
371
209
468
402
137
166
327
306
47
213
117
136
48
82
473
315
53
483
288
175
322
413
277
293
132
135
254
4
281
226
80
78
42
8
150
75
418
407
337
269
104
265
351
3
396
93
400
111
299
70
101
7
303
90
489
336
6
227
60
249
112
103
335
332
312
84
331
411
405
421
2
228
41
410
409
116
210
488
323
406
404
57
34
452
138
65
38
472
270
221
267
356
69
64
261
59
417
263
1
21
44
295
384
304
181
45
161
36
92
68
355
246
317
399
469
345
124
372
478
113
98
350
471
20
223
377
67
482
477
463
325
35
105
260
467
435
474
464
470
115
465
160
320
286
375
311
475
382
298
121
89
300
122
217
289
159
19
37
31
95
403
341
412
391
190
271
91
33
328
262
225
461
348
387
484
369
487
437
408
287
297
481
344
394
388
39
280
264
85
279
32
480
290
88
219
479
378
284
459
380
456
334
43
318
310
357
278
291
294
26
94
455
324
353
329
22
367
180
397
296
24
374
97
40
347
342
184
123
423
29
386
23
110
25
30
365
222
385
381
439
392
349
425
316
373
28
100
485
466
27
383
361
302
434
363
430
429
102
99
431
364
220
106
424
108
441
436
446
454
447
451
453
449
450
448
438
445
444
314
440
443
366
426
432
458
354
442
427
358
359
462
118
486
253
433
87
428
86
107
379
352
