213
458
160
96
128
159
95
127
158
94
126
93
125
157
235
92
124
156
241
91
123
215
155
90
122
230
154
226
89
121
153
88
120
239
152
220
87
119
151
232
86
118
150
222
85
117
149
236
84
116
148
217
83
115
147
227
82
114
146
229
81
113
145
144
80
214
112
240
143
79
111
406
407
221
78
110
142
278
408
279
231
77
109
141
409
219
108
76
140
33
411
410
34
139
75
107
238
244
412
166
280
281
282
283
284
285
286
287
288
289
290
291
292
293
294
295
296
297
298
299
300
301
302
303
304
305
306
307
308
309
224
74
106
138
414
415
413
165
170
234
161
162
73
105
137
163
35
36
37
38
39
40
41
42
43
44
45
46
47
48
49
50
51
52
53
54
55
56
57
58
59
60
61
62
63
64
242
169
164
104
72
136
216
135
71
103
167
168
416
228
70
102
174
134
418
171
417
173
69
101
419
384
352
225
320
388
356
133
324
385
321
353
485
218
237
172
483
67
100
99
68
464
131
176
132
177
348
380
316
371
489
403
339
370
338
175
369
480
337
486
402
401
178
381
456
454
389
317
457
349
357
392
453
325
360
393
328
459
361
391
461
462
359
329
327
452
455
481
472
390
358
326
474
451
233
363
331
364
130
477
332
365
450
465
366
333
484
367
334
368
362
471
335
475
336
395
330
460
396
467
397
449
398
399
400
420
394
487
448
387
98
355
323
447
66
377
466
446
386
354
313
344
345
322
376
445
476
312
444
383
351
443
319
179
379
347
469
442
315
382
350
378
318
346
441
421
314
473
482
479
440
470
439
463
223
422
438
437
436
435
434
129
433
97
65
432
311
431
423
180
343
430
426
429
427
428
478
375
209
207
342
208
206
310
490
468
204
374
245
210
205
202
203
200
424
201
198
199
196
197
194
195
192
191
193
189
190
188
425
186
187
211
212
185
181
184
183
182
404
405
341
340
373
372
261
16
274
29
277
275
32
30
276
31
273
28
257
12
260
15
256
11
251
250
6
252
5
7
272
270
268
266
264
262
27
25
23
21
19
17
258
271
269
267
265
263
13
26
24
22
20
18
255
259
10
14
254
9
253
249
248
8
4
3
247
2
246
1
488
243
