220
87
119
151
232
86
118
150
458
222
85
117
149
236
148
84
116
217
83
147
115
227
82
114
146
229
81
113
145
144
214
80
112
240
143
79
111
221
78
110
142
231
77
109
141
219
108
76
140
161
162
139
75
107
238
163
164
165
166
213
224
74
106
138
167
234
73
105
137
168
169
371
403
339
402
480
370
338
401
170
369
337
486
242
104
72
136
400
368
336
460
399
475
367
335
398
471
366
334
397
484
365
333
171
216
135
71
103
396
465
364
332
395
477
363
331
406
172
394
467
362
330
173
407
393
361
329
481
392
360
328
408
462
228
70
102
134
174
391
359
327
472
409
390
358
326
474
389
410
357
325
459
411
388
356
324
485
225
69
101
133
175
412
387
355
323
466
385
353
321
464
386
413
354
322
476
100
414
68
132
176
237
384
352
320
483
415
177
67
99
131
383
218
351
319
469
416
382
350
318
479
178
381
349
317
417
487
418
97
65
380
348
129
316
98
66
130
461
223
233
419
180
379
347
315
179
473
420
405
404
378
346
314
470
341
373
340
372
421
377
345
313
482
32
277
31
276
422
30
275
29
274
28
273
376
344
463
312
423
27
272
26
271
25
270
375
24
343
269
311
23
478
342
374
268
310
468
22
267
21
266
425
424
20
265
19
16
261
264
15
18
263
260
17
262
12
257
14
259
11
256
13
258
10
255
9
254
7
252
8
253
6
251
5
250
33
34
4
249
209
206
207
208
204
202
210
205
200
203
198
201
199
196
197
194
195
192
191
193
190
189
188
186
185
187
182
184
181
183
212
211
3
248
244
2
247
35
36
37
38
39
40
41
42
43
44
45
46
47
48
49
50
51
52
53
54
55
56
57
58
59
60
61
62
63
64
245
457
456
455
454
453
452
451
450
449
448
447
446
445
444
443
442
441
440
439
438
437
436
435
434
433
432
431
430
429
427
428
426
278
489
279
246
1
490
280
281
282
283
284
285
286
287
288
289
290
291
292
293
294
295
296
297
298
299
300
301
302
303
304
305
306
307
308
309
243
488
1
1
1
1
1
1
1
1
1
1
1
1
1
1
1
1
1
1
1
1
1
1
1
1
1
1
1
1
1
1
1
1
1
