245
490
407
409
419
413
417
408
416
411
415
423
421
410
420
412
424
425
422
418
414
162
164
178
168
174
171
176
172
163
170
166
165
179
175
167
173
177
169
180
17
19
13
15
7
9
258
262
254
480
264
252
5
18
16
260
14
8
12
486
6
259
250
257
261
263
253
4
249
251
10
11
460
248
3
475
477
471
484
465
467
255
222
220
226
2
244
256
489
247
406
149
151
153
217
229
271
231
150
25
156
152
240
155
147
154
224
157
145
26
138
135
146
141
143
144
270
131
139
142
134
1
246
158
266
161
137
23
133
216
268
132
136
140
473
129
462
472
474
130
459
469
481
487
466
476
148
485
483
21
479
464
403
401
402
394
400
395
461
396
399
398
397
375
390
392
391
376
272
463
389
241
232
215
239
230
235
387
478
383
380
379
29
386
27
384
382
468
378
393
470
388
377
159
385
381
160
405
233
404
228
218
234
227
238
214
242
221
223
219
374
236
458
267
22
20
225
279
269
278
265
28
33
34
369
274
24
344
312
358
370
371
362
363
364
365
368
366
367
373
354
326
285
286
287
288
293
294
295
300
301
302
307
308
309
281
282
283
284
289
290
291
292
296
297
298
299
303
304
305
306
359
360
322
482
40
41
42
43
48
49
50
55
56
57
62
63
64
36
37
38
39
44
45
46
47
51
52
53
54
58
59
60
61
345
357
273
355
313
337
343
351
327
350
328
348
323
325
353
35
346
347
280
372
349
341
311
329
321
318
361
212
319
442
316
438
444
317
314
432
440
338
339
434
310
315
352
342
330
356
331
332
333
336
334
335
197
428
193
430
443
435
450
183
441
439
195
437
431
436
433
448
429
451
187
427
446
196
199
213
191
192
184
189
454
198
237
194
452
190
188
186
185
324
320
340
182
211
445
426
456
205
453
200
447
201
210
203
208
206
207
209
457
449
181
455
204
202
275
30
276
31
117
119
118
124
121
120
123
122
125
126
84
83
81
82
85
86
87
92
89
88
80
91
90
93
94
67
71
74
70
75
78
66
69
77
73
79
115
68
76
72
65
113
114
103
112
99
107
106
98
102
110
109
111
105
101
100
104
108
97
127
128
95
96
116
277
32
243
488
