490
489
488
487
486
485
484
483
482
481
480
479
478
477
476
475
474
473
472
471
470
469
468
467
466
465
464
463
462
461
460
459
458
424
277
236
206
87
355
295
253
161
118
352
289
210
124
107
342
318
215
116
115
359
314
207
100
65
354
312
216
132
67
397
308
217
114
57
353
310
218
106
68
391
306
219
95
59
358
304
220
117
69
350
300
221
123
101
296
222
121
70
416
302
223
60
357
298
224
102
401
290
225
97
64
361
287
226
126
113
428
294
227
110
364
291
211
120
432
286
228
212
99
381
284
263
184
108
280
279
149
94
379
278
267
260
105
271
261
93
408
329
281
103
433
365
269
264
92
334
270
262
392
363
91
378
122
251
111
417
323
249
112
86
421
349
246
89
282
244
88
348
316
366
317
185
425
335
169
1
426
85
2
427
3
360
4
429
5
430
362
72
6
431
98
73
7
74
8
75
9
434
10
435
367
90
11
436
368
12
437
369
13
438
370
76
14
439
371
77
15
440
372
78
16
441
373
17
442
374
119
18
443
375
19
444
376
96
20
445
377
104
79
21
446
80
22
447
81
23
448
380
24
449
25
450
382
26
451
383
125
27
452
384
82
28
453
385
83
29
454
386
109
84
30
415
313
418
189
394
179
396
387
288
159
419
135
403
390
292
413
293
62
53
395
48
389
388
43
412
297
39
393
36
299
32
423
301
455
307
315
311
319
320
303
321
283
322
422
209
406
399
398
344
190
340
177
339
160
404
402
345
136
456
337
343
400
341
63
409
54
346
47
347
44
40
336
37
405
338
33
407
324
325
326
327
305
457
328
411
309
420
414
330
410
331
332
333
272
213
187
167
356
285
172
191
180
174
273
166
137
153
168
163
52
49
239
157
45
176
41
164
35
31
259
173
175
204
34
182
183
181
250
201
38
252
200
186
178
255
42
254
196
256
193
199
245
234
265
237
50
208
51
56
138
139
58
140
141
142
143
71
144
275
145
146
147
151
162
150
188
148
202
130
129
127
128
133
158
165
156
274
155
152
154
351
266
170
171
61
205
198
46
192
229
55
242
258
134
66
241
203
230
231
268
232
233
235
238
240
276
243
214
247
131
248
195
257
194
197
