229
477
85
83
211
210
209
208
207
206
205
204
89
87
81
212
86
84
82
88
90
333
331
459
458
457
456
455
454
453
452
337
335
329
460
334
332
330
336
338
203
245
78
77
76
75
74
73
72
71
70
69
68
67
66
116
115
113
111
110
65
107
121
120
118
108
79
241
237
235
232
231
119
117
114
109
239
238
236
233
112
188
243
242
240
230
201
200
199
198
197
196
195
194
193
192
191
190
189
451
234
185
184
183
182
181
180
179
178
177
176
175
174
173
172
169
168
167
166
165
164
163
162
161
160
159
158
157
156
16
187
80
171
155
123
138
137
136
135
134
133
132
131
130
129
128
127
126
125
124
15
14
13
12
11
10
9
8
7
6
5
4
3
2
1
202
186
170
326
325
324
323
322
321
320
319
318
317
316
315
314
364
363
361
359
358
313
355
369
368
366
356
327
489
485
483
480
479
367
365
362
357
487
486
484
481
360
213
139
228
227
226
225
224
223
222
221
220
219
218
217
216
215
214
106
105
104
103
102
101
100
99
98
97
96
95
94
93
92
91
64
63
62
61
60
59
58
57
56
55
54
53
52
51
50
49
48
47
46
45
44
43
42
41
40
39
38
37
36
35
34
33
17
436
490
488
478
449
448
447
446
445
444
443
442
441
440
439
438
437
482
433
432
431
430
429
428
427
426
425
424
423
422
421
420
417
416
415
414
413
412
411
410
409
408
407
406
405
404
264
435
328
419
403
371
386
385
384
383
382
381
380
379
378
377
376
375
374
373
372
263
262
261
260
259
258
257
256
255
254
253
252
251
250
249
140
154
153
152
151
150
149
148
147
146
145
144
143
142
141
32
31
30
29
28
27
26
25
24
23
22
21
20
19
18
450
434
418
461
387
476
475
474
473
472
471
470
469
468
467
466
465
464
463
462
354
353
352
351
350
349
348
347
346
345
344
343
342
341
340
339
312
311
310
309
308
307
306
305
304
303
302
301
300
299
298
297
296
295
294
293
292
291
290
289
288
287
286
285
284
283
282
281
265
244
122
388
402
401
400
399
398
397
396
395
394
393
392
391
390
389
280
279
278
277
276
275
274
273
272
271
270
269
268
267
266
370
248
247
246
