215
220
222
226
230
232
235
239
241
214
219
221
227
228
234
236
238
242
134
136
137
139
140
142
144
146
148
150
152
154
155
156
157
216
217
224
225
229
231
240
133
135
138
141
143
145
147
149
151
153
459
460
461
462
464
465
466
467
469
471
472
473
474
475
476
477
479
480
481
483
484
485
486
487
378
379
380
381
382
383
384
385
386
387
388
389
390
391
392
393
394
395
396
397
398
399
400
401
402
470
132
158
346
347
348
349
350
351
352
353
354
355
356
357
358
359
360
361
362
363
364
365
366
367
368
369
370
129
131
237
314
315
316
317
318
319
320
321
322
323
324
325
326
327
328
329
330
331
332
333
334
335
336
337
338
218
233
377
403
345
371
374
375
376
406
482
313
339
343
344
463
478
161
162
163
311
312
407
408
468
310
342
404
405
166
170
177
411
415
421
422
423
164
167
171
172
176
409
412
416
417
178
165
169
175
223
410
414
420
168
173
174
413
418
419
2
3
4
5
6
7
8
9
10
11
12
13
14
15
16
17
18
19
20
21
22
23
25
26
30
31
247
248
249
250
251
252
253
254
255
256
257
258
259
260
261
262
263
264
265
266
267
268
273
274
275
276
270
458
271
27
179
424
272
28
29
159
160
340
341
372
373
1
24
32
246
269
277
65
66
67
68
69
70
71
72
73
74
75
76
77
78
79
80
81
82
83
84
85
86
87
88
89
90
91
92
93
94
95
96
97
98
99
100
101
102
103
104
105
106
107
108
109
110
111
112
113
114
115
116
117
118
119
120
121
122
123
124
125
126
127
128
33
34
130
181
182
183
184
185
186
187
188
189
190
191
192
193
194
195
196
197
198
199
200
201
202
203
204
205
206
207
208
209
210
211
212
213
278
279
426
427
428
429
430
431
432
433
434
435
436
437
438
439
440
441
442
443
444
445
446
447
448
449
450
451
452
453
454
455
456
457
425
180
245
35
36
37
38
39
40
41
42
43
44
45
46
47
48
49
50
51
52
53
54
55
56
57
58
59
60
61
62
63
64
244
280
281
282
283
284
285
286
287
288
289
290
291
292
293
294
295
296
297
298
299
300
301
302
303
304
305
306
307
308
309
490
489
243
488
