213
458
160
96
128
94
126
158
159
95
127
235
157
93
125
241
156
92
124
215
91
123
155
230
154
90
122
226
153
89
121
239
152
88
120
220
151
87
119
232
150
86
118
222
149
85
117
236
148
84
116
217
147
83
115
227
146
82
114
229
145
81
113
214
144
80
112
240
143
79
111
221
142
78
110
371
403
339
406
480
402
370
338
231
141
77
109
407
401
486
369
337
400
460
219
368
336
408
140
108
76
399
475
367
335
161
398
471
366
334
409
397
484
162
365
333
238
139
396
465
75
107
364
332
411
163
410
395
477
363
331
166
394
467
362
330
164
165
393
481
361
329
224
392
462
360
328
74
138
106
412
391
472
359
327
388
356
324
485
390
474
358
326
167
414
389
413
234
459
357
325
169
73
137
105
168
170
415
242
104
72
136
385
387
321
353
466
355
323
464
386
476
354
322
384
352
320
483
216
135
71
103
171
416
172
173
417
383
351
319
469
418
228
381
174
317
349
487
70
382
102
134
350
318
479
419
380
348
316
461
225
69
101
133
175
379
420
347
315
473
100
68
237
132
176
177
378
346
314
470
421
377
313
67
345
99
482
218
131
422
178
376
463
344
312
423
223
233
98
66
97
65
130
129
405
404
180
179
311
375
343
478
342
310
468
374
341
373
340
372
425
424
277
32
276
31
275
30
274
29
273
28
272
27
271
26
270
25
269
24
268
23
261
16
267
22
266
21
265
20
260
15
264
19
263
18
262
17
257
12
256
11
259
14
258
13
255
10
254
9
252
7
253
8
251
6
250
5
33
209
207
208
206
454
453
204
452
455
456
457
210
451
205
202
450
34
449
203
200
448
447
201
198
446
445
199
196
249
444
197
443
194
4
442
195
441
192
440
191
193
439
438
437
189
190
436
188
435
434
186
433
185
432
187
431
430
184
181
182
183
429
426
427
428
211
212
278
489
279
248
3
244
247
2
35
36
37
38
39
40
41
42
43
44
45
46
47
48
49
50
51
52
53
54
55
56
57
58
59
60
61
62
63
64
280
281
282
283
284
285
286
287
288
289
290
291
292
293
294
295
296
297
298
299
300
301
302
303
304
305
306
307
308
309
245
490
246
1
243
488
