160
213
458
161
406
220
87
119
151
232
86
118
150
222
117
85
149
236
116
148
84
217
115
147
83
227
114
82
146
229
81
113
145
214
80
112
144
240
143
79
111
221
110
78
142
231
109
77
141
219
162
108
76
140
163
238
164
107
139
75
403
371
339
480
402
370
338
165
486
166
401
369
337
460
224
400
368
336
106
74
138
475
399
367
335
471
398
167
366
334
484
234
397
365
333
465
73
105
137
168
396
364
332
169
477
395
363
331
407
467
242
170
394
362
330
104
72
136
481
408
393
361
329
462
392
360
328
409
472
216
391
359
327
103
135
71
171
410
474
390
358
326
411
459
389
357
325
172
485
388
356
324
228
173
412
102
70
134
466
387
174
355
323
413
476
464
225
414
385
386
354
353
321
322
101
69
133
483
415
384
352
320
175
237
100
68
132
469
383
351
416
176
319
479
67
99
382
350
131
218
318
487
417
177
381
349
317
418
461
380
348
316
178
419
130
98
97
66
473
233
129
65
223
379
347
244
315
470
420
378
489
346
314
179
482
180
377
345
313
421
376
405
344
463
422
312
404
341
373
340
372
423
375
343
311
478
342
374
468
310
32
277
245
31
276
424
30
275
29
490
274
425
28
273
33
34
278
27
272
279
26
271
25
270
24
269
23
64
63
62
61
60
59
58
57
56
55
54
53
52
51
50
49
48
47
46
45
44
43
42
41
40
39
38
37
36
35
268
309
308
307
306
305
304
303
302
301
300
299
298
297
296
295
294
293
292
291
290
289
288
287
286
285
284
283
282
281
280
22
267
21
266
20
265
16
261
19
456
454
457
453
455
452
451
264
450
449
448
447
445
446
444
15
443
442
441
260
18
440
263
439
209
207
437
438
208
206
204
436
210
434
435
202
17
205
262
431
432
433
203
200
427
201
426
430
198
199
428
429
196
197
194
192
195
191
193
12
189
190
188
257
186
187
185
184
181
212
211
183
182
14
259
11
256
13
258
10
255
9
254
7
252
8
253
251
6
5
250
249
4
3
248
247
2
1
246
488
243
94
126
158
235
93
125
157
241
92
124
156
215
91
123
155
230
90
122
154
226
96
128
89
121
153
159
239
95
127
88
120
152
