94
126
158
235
157
93
125
241
156
92
124
215
155
458
91
123
230
154
90
122
226
153
89
121
403
339
371
239
152
88
120
480
402
338
370
220
151
87
119
486
401
337
369
213
460
400
232
336
150
368
86
118
475
399
335
367
222
149
85
117
471
96
128
398
334
366
236
159
84
95
127
148
116
484
397
333
365
217
465
147
396
83
115
332
364
162
407
477
395
331
363
227
146
82
114
163
467
394
330
362
408
229
481
145
81
393
113
329
361
164
409
462
392
328
360
214
144
80
112
165
410
472
391
327
359
240
143
79
111
166
474
390
326
411
358
221
142
78
110
167
459
389
325
357
412
231
141
77
109
485
388
324
168
356
413
219
466
140
387
76
108
323
355
169
414
476
386
322
238
354
139
75
107
170
415
385
321
464
353
224
138
74
106
171
161
320
483
352
416
384
406
137
73
105
234
172
319
469
351
383
417
136
242
72
104
318
479
350
382
173
418
216
317
487
135
349
381
71
103
174
419
316
461
348
380
228
134
70
102
175
420
315
473
347
379
225
176
133
405
69
101
341
404
373
340
372
421
314
470
346
378
237
132
68
100
177
313
482
345
377
422
218
178
131
67
99
463
312
344
376
423
233
478
32
66
277
375
98
311
130
179
276
343
31
275
30
274
424
29
273
28
223
272
27
271
468
26
65
129
374
180
97
310
270
25
342
269
24
425
268
23
267
22
266
21
265
20
264
19
263
18
262
17
261
16
260
15
259
14
258
13
257
12
256
11
255
10
209
207
208
206
204
210
454
205
254
453
9
202
452
455
456
457
203
451
200
450
201
449
198
448
199
447
196
446
197
445
194
444
195
253
443
8
192
442
191
193
441
440
439
189
190
438
188
437
436
186
435
185
187
252
434
7
433
432
184
431
181
182
183
430
429
426
427
428
211
212
251
6
250
5
249
4
33
34
35
36
37
38
39
40
41
42
43
44
45
46
47
48
49
50
51
52
53
54
55
56
57
58
59
60
61
62
63
64
278
279
280
281
282
283
284
285
286
287
288
289
290
291
292
293
294
295
296
297
298
299
300
301
302
303
304
305
306
307
308
309
248
3
247
2
246
1
160
243
244
245
488
489
490
