213
458
161
406
242
214
215
219
221
225
227
228
230
232
234
236
238
239
241
216
217
220
222
224
226
229
231
240
235
237
94
126
101
103
158
97
106
116
67
69
73
80
81
99
100
102
104
105
107
108
109
110
112
113
114
115
117
129
148
218
459
467
470
473
477
68
70
71
72
74
75
76
77
78
79
82
83
84
85
86
87
88
89
90
91
92
93
111
118
119
120
121
122
123
124
125
131
132
133
134
135
136
137
138
139
140
141
142
143
144
145
146
147
460
461
462
464
465
466
469
471
472
474
475
476
479
481
483
484
486
487
149
150
151
152
153
154
155
156
157
482
485
98
130
65
223
480
66
233
387
393
468
342
361
374
375
376
377
378
379
380
381
382
383
384
385
386
389
390
391
392
403
463
478
310
339
343
344
345
346
347
348
349
350
351
352
353
354
355
357
358
359
360
371
388
394
395
396
397
398
399
400
401
402
311
312
313
314
315
316
317
318
319
320
321
322
323
325
326
327
328
329
330
331
332
333
334
335
336
337
338
356
362
363
364
365
366
367
368
369
370
324
96
128
95
127
159
160
3
7
20
277
12
13
24
32
270
5
9
10
15
19
21
22
23
28
251
252
255
258
262
269
274
405
2
4
6
8
11
14
16
17
18
25
26
27
29
30
31
247
248
249
250
253
254
256
257
259
260
261
263
264
265
266
267
268
271
272
273
275
276
341
373
427
184
1
181
426
428
431
33
34
176
178
183
186
187
192
199
201
202
204
210
246
432
434
437
445
162
163
164
165
166
167
168
169
170
171
172
173
174
175
177
179
180
182
185
188
189
190
191
193
194
195
196
197
198
200
203
205
206
207
208
209
211
212
244
278
279
340
372
404
407
408
409
410
411
412
413
414
415
416
417
418
419
420
421
422
423
424
425
429
430
433
435
436
438
439
440
441
442
443
444
446
447
448
449
450
451
452
453
454
455
456
457
35
36
37
38
39
40
41
42
43
44
45
46
47
48
49
50
51
52
53
54
55
56
57
58
59
60
61
62
63
64
243
280
281
282
283
284
285
286
287
288
289
290
291
292
293
294
295
296
297
298
299
300
301
302
303
304
305
306
307
308
309
488
245
489
490
