669
668
667
666
665
664
663
662
661
660
659
591
590
589
588
592
587
586
585
584
574
658
573
657
572
656
531
519
516
655
654
653
652
651
556
650
555
490
554
511
553
552
551
550
649
549
648
647
489
480
646
645
488
644
523
643
642
641
640
639
638
637
636
530
510
635
433
634
509
447
633
508
632
631
630
498
629
494
628
627
507
417
626
522
506
505
625
418
624
497
548
529
487
547
493
546
571
545
544
504
479
397
543
475
542
503
563
541
502
623
540
539
496
528
486
538
492
622
537
621
536
620
478
583
619
501
474
618
500
617
535
451
499
616
582
534
495
446
533
565
485
491
532
441
400
527
437
477
526
521
525
473
432
570
450
411
445
410
484
581
409
615
580
561
614
440
408
579
407
560
436
476
406
558
472
431
405
613
569
612
404
611
449
339
578
610
609
444
566
608
607
439
606
605
557
393
559
435
604
564
392
603
391
602
430
390
577
389
448
388
387
443
326
601
323
386
600
599
385
298
438
524
598
384
324
322
597
434
383
382
576
429
381
596
595
594
308
593
380
471
562
379
378
377
303
376
518
375
374
517
295
514
373
568
269
575
520
372
513
512
371
370
369
285
368
567
284
483
515
367
279
250
366
423
365
420
422
364
413
421
363
362
361
263
424
360
359
358
256
399
357
258
356
470
355
252
354
353
469
352
427
468
351
467
350
466
349
348
347
346
345
428
344
426
343
342
425
228
227
226
419
225
415
224
414
223
465
398
464
206
463
222
221
462
220
205
219
195
218
217
482
194
481
204
216
215
214
183
203
182
193
461
202
172
201
416
192
452
171
333
200
191
181
460
459
331
329
161
458
190
457
180
456
179
160
455
330
189
454
328
170
453
178
159
396
169
177
321
395
442
168
176
158
167
129
276
128
127
166
157
123
122
156
121
120
119
165
155
154
134
412
153
292
401
394
283
277
403
327
402
267
265
60
318
261
317
213
337
316
332
257
336
270
212
310
211
312
334
315
268
251
63
314
62
61
305
313
309
307
311
199
300
266
340
302
259
341
304
249
306
294
297
78
254
253
299
188
301
198
289
77
291
76
75
70
74
73
72
69
335
293
210
71
296
68
209
67
208
66
288
187
290
175
325
319
247
197
164
244
207
174
338
240
287
238
237
320
236
2
186
163
235
196
152
282
281
280
273
278
151
274
173
286
255
162
243
34
242
264
33
271
150
32
31
30
234
50
272
262
49
48
229
29
275
47
148
28
46
27
248
45
44
142
43
260
246
135
241
239
232
125
245
140
231
117
114
144
113
133
233
131
110
109
230
138
107
106
105
104
42
41
185
40
39
38
18
37
17
36
16
35
15
14
13
12
11
111
59
112
184
57
58
56
55
97
54
53
65
64
102
52
26
25
24
23
22
146
21
20
82
51
19
85
141
83
137
100
132
108
99
98
96
95
94
93
92
91
126
90
89
88
103
147
143
81
149
130
145
101
139
136
118
116
115
124
87
86
84
80
79
10
9
8
7
6
1
5
4
3
