13
22
50
51
62
63
64
65
81
82
83
85
86
87
89
90
91
93
94
95
96
105
109
110
125
140
155
157
158
161
164
167
168
178
179
180
219
221
223
231
232
236
237
238
246
247
248
249
252
253
267
270
271
272
273
307
308
309
313
316
319
322
336
339
342
345
348
350
352
354
356
358
360
362
364
366
402
438
474
534
635
11
1
2
3
4
5
6
7
8
9
10
12
31
80
84
88
92
156
159
162
165
648
175
181
208
306
587
160
29
30
32
163
172
173
177
23
331
245
607
509
511
513
518
520
522
524
526
171
176
49
67
215
606
623
654
572
26
27
183
640
641
642
643
644
645
646
647
68
305
269
174
211
216
294
652
24
332
235
230
304
605
622
653
312
315
318
28
154
311
314
317
624
655
214
46
182
250
321
633
224
170
225
320
365
401
473
210
212
226
206
540
541
542
553
554
555
564
565
566
589
590
591
597
598
599
69
213
651
166
126
207
209
243
437
533
656
244
300
301
302
349
351
353
229
242
217
205
61
610
239
234
70
228
48
66
184
220
241
251
293
335
338
341
344
347
573
617
650
240
218
72
71
227
611
621
233
609
334
535
543
548
556
567
592
600
127
141
618
614
268
616
185
299
355
35
128
129
130
133
134
135
136
137
139
142
143
144
147
148
149
150
151
153
337
340
536
537
544
545
549
550
557
558
561
568
569
593
594
601
602
612
108
73
76
613
131
132
138
145
146
152
79
222
608
619
297
298
343
357
359
538
546
551
559
562
570
595
603
25
303
74
77
620
78
75
296
346
361
539
547
552
560
563
571
588
596
604
615
668
264
187
665
188
189
295
363
190
191
186
666
333
657
192
34
193
194
197
195
196
667
60
375
411
447
483
636
36
198
289
37
38
45
377
379
381
383
385
387
389
397
399
413
415
417
419
421
423
425
433
435
449
451
453
455
457
459
461
469
471
485
487
489
491
493
495
497
505
507
39
203
202
40
44
200
625
33
201
204
626
627
391
393
395
427
429
431
463
465
467
499
501
503
41
42
634
43
53
199
628
56
169
265
266
290
291
292
629
630
55
631
59
632
54
58
124
57
262
261
260
52
259
263
258
257
288
510
512
514
519
521
523
525
527
287
669
256
286
285
123
255
284
283
282
281
280
122
279
278
121
120
118
277
276
119
275
117
21
20
19
17
18
254
14
15
16
116
47
114
115
274
310
664
515
516
517
528
529
530
531
532
367
368
369
370
371
372
373
374
403
404
405
406
407
408
409
410
439
440
441
442
443
444
445
446
475
476
477
478
479
480
481
482
113
107
112
97
101
98
586
584
585
103
104
583
582
574
575
581
99
100
102
576
577
578
579
580
376
378
380
382
384
386
388
390
392
394
396
398
400
412
414
416
418
420
422
424
426
428
430
432
434
436
448
450
452
454
456
458
460
462
464
466
468
470
472
484
486
488
490
492
494
496
498
500
502
504
506
508
106
649
639
111
324
327
323
325
326
638
328
637
330
329
658
659
660
661
662
663
