25
668
14
15
16
18
17
19
21
20
439
440
441
442
443
444
445
446
367
368
369
370
371
372
373
374
515
516
517
528
529
530
531
532
403
404
405
406
407
408
409
410
475
476
477
478
479
480
481
482
303
324
330
329
328
327
326
323
325
669
639
637
638
304
305
582
583
584
585
586
580
579
578
577
576
574
575
581
26
28
185
242
234
27
233
29
30
197
196
195
194
193
192
191
190
189
243
188
186
187
126
226
166
288
287
286
285
170
284
283
225
218
282
281
79
78
280
77
632
631
630
629
628
45
279
123
625
626
627
76
241
122
240
587
278
44
121
224
43
239
120
277
75
220
42
119
74
276
41
295
346
363
539
547
552
560
563
571
588
596
604
296
343
361
538
546
551
559
562
570
595
603
297
340
359
537
545
550
558
561
569
594
602
73
118
298
337
357
536
544
549
557
568
593
601
275
299
334
355
535
543
548
556
567
592
600
274
300
301
302
349
351
353
540
541
542
553
554
555
564
565
566
589
590
591
597
598
599
117
40
56
72
39
116
198
202
204
203
59
201
58
115
124
200
38
57
199
71
244
667
263
613
229
228
114
620
262
612
227
37
261
55
619
70
260
217
259
230
665
235
54
36
113
97
24
332
258
98
609
99
100
102
250
608
616
69
106
137
151
130
144
257
136
150
615
129
143
666
135
149
128
142
611
134
148
127
141
618
139
153
132
146
131
133
138
145
147
152
60
35
256
614
621
610
53
617
154
255
268
254
264
112
269
101
52
103
104
11
636
68
61
376
378
380
382
384
386
388
390
392
394
396
398
400
412
414
416
418
420
422
424
426
428
430
432
434
436
448
450
452
454
456
458
460
462
464
466
468
470
472
484
486
488
490
492
494
496
498
500
502
504
506
508
32
107
108
648
222
333
572
34
1
2
510
512
514
519
521
523
525
527
23
331
207
210
111
651
634
206
321
312
315
318
294
209
213
245
214
389
425
461
497
655
387
423
459
495
385
421
457
493
12
383
419
455
491
624
381
417
453
489
33
3
4
5
6
7
8
9
10
31
80
84
88
92
156
159
162
165
183
289
379
415
451
487
377
413
449
485
633
13
22
205
375
411
447
483
606
623
654
397
433
469
505
395
431
467
503
391
393
399
427
429
435
463
465
471
499
501
507
607
173
171
176
140
656
172
177
657
160
320
437
533
212
311
314
317
365
401
473
652
313
316
319
322
336
339
342
345
348
350
352
354
356
358
360
362
364
509
511
513
518
520
522
524
526
181
208
175
211
216
105
306
163
251
174
49
67
182
215
307
605
622
653
51
96
125
157
178
179
180
223
238
640
641
642
643
644
645
646
647
635
46
47
48
50
62
63
64
65
66
81
82
83
85
86
87
89
90
91
93
94
95
109
110
155
158
161
164
167
168
169
184
219
221
231
232
236
237
246
247
248
249
252
253
265
266
267
270
271
272
273
290
291
292
293
308
309
310
335
338
341
344
347
366
402
438
474
534
573
649
650
658
659
660
661
662
663
664
