49
50
126
127
128
129
130
131
132
133
134
135
136
137
138
139
140
141
142
143
144
145
146
147
148
149
150
151
152
153
154
155
156
157
158
159
160
161
162
163
164
165
211
216
244
535
536
537
538
539
543
544
545
546
547
561
562
563
567
568
569
570
571
587
640
641
642
645
646
647
319
322
333
313
316
643
644
541
542
564
565
566
332
331
202
203
540
200
201
204
199
237
231
232
548
549
550
551
552
556
557
558
559
554
555
553
560
588
589
590
591
592
593
594
595
596
236
664
651
597
598
599
600
601
602
603
604
26
300
301
302
297
298
295
296
299
103
101
234
219
221
222
223
104
205
241
218
220
242
240
613
612
609
608
262
261
260
611
259
258
610
257
233
239
303
191
197
192
190
196
195
194
193
189
188
172
177
187
107
207
106
206
267
212
375
377
379
381
383
385
387
389
391
393
395
397
399
411
413
415
417
419
421
423
425
427
429
431
433
435
447
449
451
453
455
457
459
461
463
465
467
469
471
483
485
487
489
491
493
495
497
499
501
503
505
507
509
511
513
518
520
522
524
526
186
668
184
293
25
669
336
256
238
173
292
339
171
176
225
342
263
224
255
345
350
348
178
179
180
181
123
60
185
122
352
213
121
311
314
317
320
120
354
636
118
312
315
318
321
119
356
117
210
632
124
358
209
116
214
254
226
115
360
573
631
114
572
305
362
335
113
266
338
341
344
175
278
277
279
280
281
282
283
284
285
286
287
347
276
349
217
351
275
364
183
353
626
627
625
628
629
630
355
112
639
357
11
359
55
57
58
59
54
274
361
656
56
70
666
667
376
378
380
382
384
412
414
416
418
420
448
450
452
454
456
484
486
488
490
492
386
388
390
392
394
396
398
400
422
424
426
428
430
432
434
436
458
460
462
464
466
468
470
472
494
496
498
500
502
504
506
508
510
512
514
519
521
523
525
527
208
53
71
229
228
363
72
69
215
73
652
110
74
75
76
77
78
79
44
45
51
294
534
366
402
438
474
170
306
174
52
35
253
607
665
111
268
100
606
227
38
39
36
40
41
42
43
655
624
37
654
623
34
635
633
634
68
327
616
533
109
365
401
437
473
617
243
33
618
182
619
614
273
620
252
67
621
198
615
96
324
585
574
575
579
580
581
576
577
586
578
582
583
584
326
323
637
325
330
329
310
638
125
309
368
369
370
371
372
373
374
404
405
406
407
408
409
410
440
441
442
443
444
445
446
475
476
477
478
479
480
481
482
515
516
517
529
530
531
532
439
528
367
403
99
66
65
105
304
272
1
2
3
4
5
6
7
8
9
10
12
13
14
15
16
17
18
19
20
21
22
23
24
27
28
29
30
31
32
46
47
48
61
62
63
64
80
81
82
83
84
85
86
87
88
89
90
91
92
93
94
95
97
98
102
108
166
167
168
169
230
235
245
246
247
248
249
250
251
264
265
269
270
271
288
289
290
291
307
308
328
334
337
340
343
346
605
622
648
649
650
653
657
658
659
660
661
662
663
