402
1
403
2
453
3
454
4
455
5
456
6
457
7
458
8
459
9
460
10
338
11
442
12
481
13
14
15
16
17
18
19
20
21
482
22
412
23
275
24
25
79
26
84
27
80
28
86
29
87
30
461
31
394
32
452
33
401
34
320
35
272
36
260
37
245
38
233
39
230
40
149
41
145
42
139
43
136
44
124
45
593
46
594
47
595
48
567
49
596
50
575
51
335
52
325
53
271
54
262
55
231
56
246
57
241
58
239
59
319
60
341
61
597
62
598
63
599
64
600
65
601
66
568
67
340
68
286
69
264
70
248
71
232
72
184
73
147
74
143
75
130
76
118
77
116
78
115
462
602
81
603
82
604
83
463
605
85
606
607
464
88
608
89
609
90
610
91
465
92
611
93
612
94
613
95
576
96
274
97
278
98
280
99
281
100
334
101
282
102
336
103
337
104
562
105
287
106
395
107
396
108
614
109
615
110
416
111
332
112
273
113
255
114
242
234
229
117
185
146
119
141
120
137
121
132
122
126
123
243
577
125
306
127
301
128
296
129
290
313
131
311
314
133
304
134
299
135
293
288
315
138
309
515
140
307
302
142
297
291
144
316
312
317
305
148
300
294
150
289
151
318
152
310
153
327
154
616
155
466
156
578
157
617
158
467
159
520
160
618
161
468
162
564
163
619
164
469
165
166
620
167
621
168
622
169
170
513
171
517
172
512
173
566
174
559
175
514
176
518
177
579
178
580
179
581
180
557
181
569
182
470
183
623
186
187
188
189
190
191
192
193
194
195
196
197
235
198
247
199
244
200
240
201
236
202
238
203
237
204
483
205
419
206
414
207
558
208
425
209
415
210
560
211
524
212
426
213
428
214
570
215
561
216
266
217
218
624
219
220
625
221
398
222
582
223
224
225
226
259
227
254
228
253
268
626
627
270
628
629
583
249
427
630
631
632
633
283
250
565
251
634
252
635
330
328
321
256
292
257
277
258
267
265
261
263
331
636
637
638
329
333
269
639
640
641
642
276
279
284
285
471
643
644
645
646
424
295
298
303
563
571
647
308
648
649
525
421
532
526
422
533
527
423
534
521
420
535
322
323
324
326
413
399
650
536
651
537
339
652
538
342
343
653
344
539
345
346
654
347
540
348
349
541
350
351
542
352
353
543
354
355
544
356
357
545
358
359
546
360
361
547
362
363
548
364
528
365
655
366
367
368
369
370
371
372
373
374
484
375
376
476
377
378
472
379
380
448
381
382
443
383
384
438
385
386
434
387
388
429
389
390
499
391
392
500
393
495
491
397
501
400
529
656
404
405
406
407
408
409
410
485
411
477
473
449
417
418
444
439
435
430
502
503
496
431
432
492
433
504
436
522
437
657
440
441
445
446
486
447
478
450
474
451
505
506
497
493
507
530
658
475
479
480
487
488
489
490
494
498
508
509
510
549
550
511
551
516
552
519
553
554
523
555
556
531
659
572
660
573
574
584
585
586
587
588
589
590
591
592
661
662
663
664
665
666
667
668
669
