126
587
166
170
185
79
124
140
210
139
138
137
136
135
134
133
132
131
130
129
128
127
198
607
173
614
621
32
2
1
22
13
21
20
19
18
17
16
15
14
26
241
668
669
56
118
240
25
667
123
117
288
229
197
262
261
260
259
258
257
203
202
45
228
59
55
122
116
58
11
287
286
285
284
283
282
281
280
279
278
277
276
275
263
256
255
204
201
200
196
195
194
193
192
191
190
189
188
187
121
115
57
54
620
619
616
613
612
609
120
114
40
665
39
244
75
250
119
113
53
648
639
78
74
71
216
211
44
38
636
305
239
225
224
77
73
70
37
43
618
617
611
610
112
69
36
214
207
42
327
666
245
226
206
76
72
274
254
199
35
321
318
315
312
153
152
151
150
149
148
147
146
145
144
143
142
141
41
234
227
213
186
242
655
654
638
637
624
623
606
586
585
584
583
582
581
580
579
578
577
576
575
574
532
531
530
529
528
517
516
515
482
481
480
479
478
477
476
475
446
445
444
443
442
441
440
439
410
409
408
407
406
405
404
403
374
373
372
371
370
369
368
367
330
329
328
326
325
323
324
209
34
615
608
269
106
233
52
165
162
159
156
527
525
523
521
519
514
512
510
508
506
504
502
500
498
496
494
492
490
488
486
484
472
470
468
466
464
462
460
458
456
454
452
450
448
436
434
432
430
428
426
424
422
420
418
416
414
412
400
398
396
394
392
390
388
386
384
382
380
378
376
294
111
68
632
631
630
629
628
627
626
625
268
104
103
634
230
107
101
175
652
651
306
243
176
174
171
364
362
360
358
356
354
352
350
348
345
342
339
336
322
319
316
313
105
61
633
177
172
97
212
205
163
160
102
100
99
33
653
622
605
572
307
222
657
647
646
645
644
643
642
641
640
533
473
437
401
365
363
361
359
357
355
353
351
349
320
317
314
311
304
303
302
301
300
299
298
297
296
295
264
220
218
217
183
182
656
635
604
603
602
601
600
599
598
597
596
595
594
593
592
591
590
589
588
571
570
569
568
567
566
565
564
563
562
561
560
559
558
557
556
555
554
553
552
551
550
549
548
547
546
545
544
543
542
541
540
539
538
537
536
535
526
524
522
520
518
513
511
509
507
505
503
501
499
497
495
493
491
489
487
485
483
471
469
467
465
463
461
459
457
455
453
451
449
447
435
433
431
429
427
425
423
421
419
417
415
413
411
399
397
395
393
391
389
387
385
383
381
379
377
375
346
343
340
337
334
333
332
331
238
235
223
215
208
181
180
179
178
157
154
125
108
98
96
92
88
84
80
67
60
51
31
30
29
28
27
24
23
12
10
9
8
7
6
5
4
3
46
164
161
158
155
50
49
664
663
662
661
660
659
658
650
649
573
347
344
341
338
335
310
293
292
291
290
289
266
265
184
169
66
48
47
534
474
438
402
366
309
308
273
272
271
270
267
253
252
251
249
248
247
246
237
236
232
231
221
219
168
167
110
109
95
94
93
91
90
89
87
86
85
83
82
81
65
64
63
62
