319
322
333
313
316
331
332
561
562
563
564
565
566
567
568
569
570
571
588
589
590
591
592
593
594
595
596
25
26
600
597
598
599
601
602
603
604
295
296
297
298
299
300
301
302
535
536
537
538
539
540
541
542
543
544
545
546
547
548
549
550
551
552
553
554
555
556
557
558
559
560
127
128
129
130
131
132
133
134
135
136
137
138
139
141
142
143
144
145
146
147
148
149
150
151
152
153
640
641
642
643
644
645
646
647
236
237
669
231
232
668
303
651
234
191
79
184
240
70
71
72
73
74
75
76
77
78
241
101
103
104
69
620
239
612
619
613
639
190
197
233
656
186
187
188
189
192
193
194
195
196
336
339
342
345
348
350
352
354
356
358
360
616
609
202
203
652
199
200
201
204
224
225
113
114
115
116
117
118
119
120
121
122
123
367
368
369
370
371
372
373
374
403
404
405
406
407
408
409
410
439
440
441
442
443
444
445
446
475
476
477
478
479
480
481
482
112
664
219
221
323
326
574
575
576
577
578
579
580
581
582
583
584
585
586
362
515
516
517
528
529
530
531
532
618
223
228
611
617
610
11
227
615
222
244
198
275
276
277
278
279
280
281
282
283
284
285
286
287
608
274
631
229
621
632
109
110
667
206
253
60
273
68
325
638
107
267
572
573
625
626
627
628
629
630
172
606
607
623
624
252
364
614
635
45
111
205
293
177
180
181
636
665
242
366
402
438
474
534
35
44
215
51
96
178
179
335
338
341
344
347
349
351
353
355
357
359
361
363
375
377
379
381
383
385
387
389
391
393
395
397
399
411
413
415
417
419
421
423
425
427
429
431
433
435
447
449
451
453
455
457
459
461
463
465
467
469
471
483
485
487
489
491
493
495
497
499
501
503
505
507
509
511
513
518
520
522
524
526
67
257
258
259
260
261
262
294
36
37
38
39
40
41
42
43
175
268
65
66
105
106
182
311
314
317
320
633
208
226
376
378
380
382
384
386
388
390
392
394
396
398
400
412
414
416
418
420
422
424
426
428
430
432
434
436
448
450
452
454
456
458
460
462
464
466
468
470
472
484
486
488
490
492
494
496
498
500
502
504
506
508
510
512
514
519
521
523
525
527
53
54
55
57
58
59
99
213
637
655
1
2
13
22
23
27
28
29
30
32
171
254
255
256
263
304
305
654
34
52
125
217
12
14
15
16
56
212
312
315
318
321
634
176
214
3
4
5
6
154
155
157
158
160
161
163
164
174
327
306
329
24
33
272
309
310
17
18
19
20
21
207
587
7
8
9
10
31
140
324
185
124
126
209
210
605
622
653
102
243
156
159
162
165
216
330
334
337
340
343
346
666
170
248
249
82
83
86
87
90
91
94
95
97
98
211
650
328
100
168
169
238
47
48
49
50
173
183
218
220
250
266
288
292
365
401
437
473
533
649
663
46
61
62
63
64
80
81
84
85
88
89
92
93
108
166
167
230
235
245
246
247
251
264
265
269
270
271
289
290
291
307
308
648
657
658
659
660
661
662
