25
668
14
17
18
19
15
16
21
20
303
367
368
369
370
371
372
373
374
439
440
441
442
443
444
445
446
403
404
405
406
407
408
409
410
475
476
477
478
479
480
481
482
515
516
517
528
529
530
531
532
126
166
185
669
242
170
587
234
197
196
195
194
324
193
327
192
323
325
326
328
329
330
191
639
233
190
189
188
637
638
243
187
79
186
582
583
584
585
586
78
574
575
576
577
578
579
580
581
45
123
77
122
226
305
44
76
26
121
241
43
667
240
120
56
42
288
75
304
287
59
119
286
74
239
225
285
41
58
118
284
73
283
40
117
57
282
665
281
39
280
224
218
124
279
116
72
55
278
613
277
38
612
620
115
666
263
276
619
262
228
71
275
37
261
54
229
114
202
250
609
204
260
203
274
625
220
198
70
648
616
201
259
36
626
627
628
629
630
631
632
97
200
258
227
98
257
113
69
11
608
199
35
127
128
129
130
131
132
133
134
135
136
137
138
139
141
142
143
144
145
146
147
148
149
150
151
152
153
99
100
102
615
53
256
611
60
106
618
255
244
610
617
254
269
101
217
112
636
52
103
104
614
621
68
230
206
207
210
245
107
235
295
296
297
298
299
300
301
302
334
337
340
343
346
349
351
353
355
357
359
361
363
535
536
537
538
539
540
541
542
543
544
545
546
547
548
549
550
551
552
553
554
555
556
557
558
559
560
561
562
563
564
565
566
567
568
569
570
571
588
589
590
591
592
593
594
595
596
597
598
599
600
601
602
603
604
34
213
214
312
315
318
321
1
2
3
4
5
6
7
8
9
10
12
13
22
23
24
27
28
29
30
31
32
80
84
88
92
156
159
162
165
183
331
332
268
624
655
209
264
376
378
380
382
384
386
388
390
392
394
396
398
400
412
414
416
418
420
422
424
426
428
430
432
434
436
448
450
452
454
456
458
460
462
464
466
468
470
472
484
486
488
490
492
494
496
498
500
502
504
506
508
510
512
514
519
521
523
525
527
61
111
606
623
654
607
634
651
172
177
171
176
205
173
313
316
319
322
336
339
342
345
348
350
352
354
356
358
360
362
364
33
108
652
633
181
208
222
572
105
306
175
294
212
154
160
311
314
317
320
333
365
375
377
379
381
383
385
387
389
391
393
395
397
399
401
411
413
415
417
419
421
423
425
427
429
431
433
435
437
447
449
451
453
455
457
459
461
463
465
467
469
471
473
483
485
487
489
491
493
495
497
499
501
503
505
507
509
511
513
518
520
522
524
526
533
657
174
656
211
216
67
182
215
307
605
622
653
163
51
96
125
140
157
178
179
180
223
238
635
640
641
642
643
644
645
646
647
46
49
251
289
47
48
50
62
63
64
65
66
81
82
83
85
86
87
89
90
91
93
94
95
109
110
155
158
161
164
167
168
169
184
219
221
231
232
236
237
246
247
248
249
252
253
265
266
267
270
271
272
273
290
291
292
293
308
309
310
335
338
341
344
347
366
402
438
474
534
573
649
650
658
659
660
661
662
663
664
