25
668
303
14
18
17
19
15
16
21
20
587
126
166
170
234
233
226
304
26
194
193
195
188
187
196
189
192
648
197
190
11
609
616
97
200
186
667
202
201
625
98
288
627
626
203
628
629
630
631
632
240
612
619
102
100
99
241
199
610
617
669
613
620
22
13
204
229
60
228
611
618
106
608
666
2
1
12
31
10
9
8
7
6
5
4
3
615
56
244
29
30
245
32
269
191
23
185
165
162
159
156
92
88
84
80
250
239
224
140
364
362
360
358
356
354
352
350
348
345
342
339
336
322
319
316
313
225
27
230
105
665
24
287
307
286
28
285
284
283
282
281
280
238
223
180
179
178
157
125
96
51
635
263
279
278
331
277
276
275
227
256
214
255
242
654
623
606
534
474
438
402
366
309
308
273
272
271
270
267
253
252
249
248
247
246
237
236
232
231
221
219
168
167
164
161
158
155
110
109
95
94
93
91
90
89
87
86
85
83
82
81
65
64
63
62
50
101
235
206
69
79
213
324
207
59
68
446
445
444
443
442
441
440
439
374
373
372
371
370
369
368
367
78
175
306
58
77
57
76
55
70
410
409
408
407
406
405
404
403
72
141
127
262
532
531
530
529
528
517
516
515
261
53
54
260
71
607
208
181
259
258
257
151
137
144
130
150
136
143
129
149
135
142
128
148
134
153
139
147
133
482
481
480
479
478
477
476
475
75
177
172
73
74
183
146
132
152
145
138
131
305
104
103
176
171
160
655
624
639
173
332
220
268
218
599
598
597
591
590
589
566
565
564
555
554
553
542
541
540
198
353
351
349
302
301
300
45
163
636
600
592
567
556
548
543
535
334
123
355
299
330
329
328
326
325
323
602
594
569
561
558
550
545
537
340
601
593
568
557
549
544
536
337
122
603
595
570
562
559
551
546
538
343
359
297
357
298
121
637
638
120
604
596
588
571
563
560
552
547
539
346
361
296
107
363
295
119
118
210
117
586
584
585
583
582
526
524
522
520
518
513
511
509
581
575
574
576
578
577
579
580
116
35
274
115
44
114
327
254
113
112
209
43
42
572
264
40
34
41
174
294
652
39
38
37
36
243
215
67
61
318
315
312
124
216
211
651
49
653
622
605
647
646
645
644
643
642
641
640
621
614
321
634
633
217
52
154
317
314
311
212
320
473
401
365
182
205
656
533
437
108
46
222
111
33
527
525
523
521
519
514
512
510
333
657
508
506
504
502
500
498
496
494
492
490
488
486
484
472
470
468
466
464
462
460
458
456
454
452
450
448
436
434
432
430
428
426
424
422
420
418
416
414
412
400
398
396
394
392
390
388
386
384
382
380
378
376
483
447
411
375
251
497
461
425
389
495
459
423
387
493
457
421
385
491
455
419
383
489
453
417
381
487
451
415
379
485
449
413
377
505
469
433
397
507
471
435
399
650
573
347
344
341
338
335
293
184
66
48
503
467
431
395
501
499
465
463
429
427
393
391
289
292
291
290
266
265
169
664
310
47
649
663
662
661
660
659
658
