303
587
126
166
170
234
233
226
304
26
97
98
625
626
627
628
629
630
631
632
648
99
100
102
11
60
106
244
101
269
103
104
127
128
129
130
131
132
133
134
135
136
137
138
139
141
142
143
144
145
146
147
148
149
150
151
152
153
230
107
268
636
235
295
296
297
298
299
300
301
302
334
337
340
343
346
349
351
353
355
357
359
361
363
535
536
537
538
539
540
541
542
543
544
545
546
547
548
549
550
551
552
553
554
555
556
557
558
559
560
561
562
563
564
565
566
567
568
569
570
571
588
589
590
591
592
593
594
595
596
597
598
599
600
601
602
603
604
264
80
84
88
92
156
159
162
165
183
331
332
61
651
172
177
108
140
294
313
316
319
322
336
339
342
345
348
350
352
354
356
358
360
362
364
652
105
181
208
222
572
154
160
211
216
311
314
317
320
333
365
375
377
379
381
383
385
387
389
391
393
395
397
399
401
411
413
415
417
419
421
423
425
427
429
431
433
435
437
447
449
451
453
455
457
459
461
463
465
467
469
471
473
483
485
487
489
491
493
495
497
499
501
503
505
507
509
511
513
518
520
522
524
526
533
656
657
67
163
182
215
307
51
96
125
157
178
179
180
223
238
635
640
641
642
643
644
645
646
647
46
49
251
289
1
2
3
4
5
6
7
8
9
10
12
13
14
15
16
17
18
19
20
21
22
23
24
25
27
28
29
30
31
32
33
34
35
36
37
38
39
40
41
42
43
44
45
47
48
50
52
53
54
55
56
57
58
59
62
63
64
65
66
68
69
70
71
72
73
74
75
76
77
78
79
81
82
83
85
86
87
89
90
91
93
94
95
109
110
111
112
113
114
115
116
117
118
119
120
121
122
123
124
155
158
161
164
167
168
169
171
173
174
175
176
184
185
186
187
188
189
190
191
192
193
194
195
196
197
198
199
200
201
202
203
204
205
206
207
209
210
212
213
214
217
218
219
220
221
224
225
227
228
229
231
232
236
237
239
240
241
242
243
245
246
247
248
249
250
252
253
254
255
256
257
258
259
260
261
262
263
265
266
267
270
271
272
273
274
275
276
277
278
279
280
281
282
283
284
285
286
287
288
290
291
292
293
305
306
308
309
310
312
315
318
321
323
324
325
326
327
328
329
330
335
338
341
344
347
366
367
368
369
370
371
372
373
374
376
378
380
382
384
386
388
390
392
394
396
398
400
402
403
404
405
406
407
408
409
410
412
414
416
418
420
422
424
426
428
430
432
434
436
438
439
440
441
442
443
444
445
446
448
450
452
454
456
458
460
462
464
466
468
470
472
474
475
476
477
478
479
480
481
482
484
486
488
490
492
494
496
498
500
502
504
506
508
510
512
514
515
516
517
519
521
523
525
527
528
529
530
531
532
534
573
574
575
576
577
578
579
580
581
582
583
584
585
586
605
606
607
608
609
610
611
612
613
614
615
616
617
618
619
620
621
622
623
624
633
634
637
638
639
649
650
653
654
655
658
659
660
661
662
663
664
665
666
667
668
669
