25
668
21
20
19
17
18
15
16
14
367
368
369
370
371
372
373
374
439
440
441
442
443
444
445
446
403
404
405
406
407
408
409
410
475
476
477
478
479
480
481
482
515
516
517
528
529
530
531
532
669
242
191
197
196
243
195
192
185
190
194
327
193
305
639
189
323
324
325
326
328
329
330
188
637
638
186
187
582
583
584
585
586
574
575
576
577
578
579
580
581
79
45
78
77
123
124
44
122
76
224
225
241
121
43
120
239
240
287
42
75
286
285
59
74
119
284
41
283
56
58
73
118
218
220
282
288
40
281
665
57
117
280
667
39
279
72
278
116
262
277
38
55
261
263
276
71
115
228
260
274
275
37
227
229
259
54
70
114
258
666
36
198
217
257
35
69
113
204
53
203
256
52
68
202
250
254
255
312
315
318
321
614
621
201
210
613
112
199
200
205
376
378
380
382
384
386
388
390
392
394
396
398
400
412
414
416
418
420
422
424
426
428
430
432
434
436
448
450
452
454
456
458
460
462
464
466
468
470
472
484
486
488
490
492
494
496
498
500
502
504
506
508
510
512
514
519
521
523
525
527
612
620
34
111
173
206
207
209
611
619
33
212
607
610
618
633
634
171
175
176
213
214
245
306
608
609
617
624
655
1
2
3
4
5
6
7
8
9
10
11
12
13
22
23
24
26
27
28
29
30
31
32
46
47
48
49
50
51
60
61
62
63
64
65
66
67
80
81
82
83
84
85
86
87
88
89
90
91
92
93
94
95
96
97
98
99
100
101
102
103
104
105
106
107
108
109
110
125
126
127
128
129
130
131
132
133
134
135
136
137
138
139
140
141
142
143
144
145
146
147
148
149
150
151
152
153
154
155
156
157
158
159
160
161
162
163
164
165
166
167
168
169
170
172
174
177
178
179
180
181
182
183
184
208
211
215
216
219
221
222
223
226
230
231
232
233
234
235
236
237
238
244
246
247
248
249
251
252
253
264
265
266
267
268
269
270
271
272
273
289
290
291
292
293
294
295
296
297
298
299
300
301
302
303
304
307
308
309
310
311
313
314
316
317
319
320
322
331
332
333
334
335
336
337
338
339
340
341
342
343
344
345
346
347
348
349
350
351
352
353
354
355
356
357
358
359
360
361
362
363
364
365
366
375
377
379
381
383
385
387
389
391
393
395
397
399
401
402
411
413
415
417
419
421
423
425
427
429
431
433
435
437
438
447
449
451
453
455
457
459
461
463
465
467
469
471
473
474
483
485
487
489
491
493
495
497
499
501
503
505
507
509
511
513
518
520
522
524
526
533
534
535
536
537
538
539
540
541
542
543
544
545
546
547
548
549
550
551
552
553
554
555
556
557
558
559
560
561
562
563
564
565
566
567
568
569
570
571
572
573
587
588
589
590
591
592
593
594
595
596
597
598
599
600
601
602
603
604
605
606
615
616
622
623
625
626
627
628
629
630
631
632
635
636
640
641
642
643
644
645
646
647
648
649
650
651
652
653
654
656
657
658
659
660
661
662
663
664
