6614
6616
7899
7818
6721
7943
7942
7939
7944
7940
5752
6455
6456
6454
6460
6459
6679
6461
6457
6458
7938
7937
6116
7878
7941
7877
6556
7879
7951
6907
6903
6428
5672
6558
7881
6093
7882
7946
7945
5602
7880
6384
6429
6427
6426
6387
6386
6385
7948
7931
7930
7950
7949
6109
7351
6113
7926
7914
5670
5644
6099
7916
7915
7913
5600
5601
6514
6515
5660
5671
6118
5858
5958
7284
7245
7237
7229
7213
7205
7193
5830
5751
5658
5642
7297
6011
7243
7235
7227
7211
7203
7191
5481
7341
5499
7295
5795
7337
6040
5492
7895
6117
6111
6107
6106
7333
7329
6062
7325
7321
7317
7313
7305
7280
5500
5561
5599
5494
6115
6114
6110
6091
6068
6066
7241
5509
6060
5643
5479
7233
7225
5476
5664
7217
5462
5611
7209
5650
5677
5632
7201
5679
5652
5634
5626
7919
7918
7917
7189
7181
7293
5504
7283
6806
6812
7929
7928
7927
6809
6101
6096
6070
5526
5493
5816
5609
5699
5524
5909
5417
7340
5510
5686
5666
5663
5647
5478
5464
6105
5472
6751
6083
6103
5427
5483
5525
7336
5968
5673
5527
5469
5661
5684
5621
5645
5560
5624
5625
5486
7332
6067
5623
5505
5659
7328
5480
5409
7324
6660
5610
5704
7320
7047
5529
7051
7316
7055
7240
7034
7030
7059
5488
7038
7043
7312
5496
5474
7304
6092
6089
7279
5534
6069
5400
7232
5471
7947
7935
7934
7933
7932
5435
5532
7224
6008
5613
7216
5390
7208
5675
6546
7200
5726
7188
7180
5622
7292
6080
5515
5522
5706
6548
6495
5485
5685
5662
5646
5833
5678
5651
5633
6145
5528
5703
7885
5835
6086
5614
5549
5548
6104
5408
6547
5612
7331
7327
7335
7323
7319
5389
7315
7311
7303
7278
7339
5382
6659
6037
7282
5536
5531
7883
5705
6545
7221
5516
6039
7231
7223
5458
7239
7215
7207
7199
7187
5470
7179
7291
5862
5854
5415
6492
6627
5533
5388
6493
5635
5636
6523
5421
7046
7050
7054
7036
7058
7045
7049
7033
7032
7029
7028
7042
7053
7057
7041
7037
6085
5667
5465
5473
5519
5523
5653
5680
5681
5654
5674
5665
5477
5463
7796
7871
5487
5729
6524
5538
5961
6503
6501
5724
5719
6760
6500
6498
5484
5668
5466
7220
5459
7219
5637
7794
6768
7750
6730
6285
5834
5452
7776
7775
5861
6769
7826
7830
7834
6502
6499
7838
5743
5508
5383
6097
6511
6510
6509
6508
5397
5451
5506
5455
5454
5445
5440
5468
5461
5457
5456
5450
5448
7696
5419
6059
6711
5986
5892
5498
6650
6108
5401
5384
5716
6021
5976
6462
7774
6504
7795
6505
5537
5891
6494
5697
5503
5428
7910
5893
5491
7296
7861
5682
5655
5460
5822
6742
7884
6759
6507
5821
5495
7555
5514
7192
5521
5693
7859
6497
7754
7749
7204
7212
7428
7228
7236
7244
7289
5669
5467
5546
6479
6481
6482
7447
7699
5558
6485
6484
7467
6464
6467
6468
6475
6474
6477
6476
6478
7722
7726
7714
7718
7267
7437
7441
7458
6651
7364
6672
7560
6487
6486
6673
6675
6488
6678
7552
6683
6720
6739
6745
6753
6774
6787
7455
7451
5539
5555
5811
5520
7463
5810
5385
5734
5379
7370
7427
5535
5737
7375
7869
5381
5809
7612
7361
6737
5739
6661
6332
7748
7747
7852
7753
7752
7123
7270
5727
5552
5755
7255
7113
5740
5741
5746
5944
5814
7135
5544
7490
5754
5402
5720
7851
6729
5507
7617
5511
6984
7855
7854
5501
7498
5512
7616
7488
7489
7604
7615
5497
7608
7833
7829
7841
7837
7586
7497
7849
7702
7493
6041
7260
7845
5813
7496
7792
7788
7479
7605
7800
7707
5490
5707
5819
7480
7404
6740
7711
7609
7484
6996
7757
7587
7732
7485
7545
7677
7603
7705
5875
7744
7424
7790
7473
6752
6741
7097
7494
7391
7706
7505
7607
7703
7472
5738
7390
7174
7791
7585
5518
7786
7115
7517
7798
7478
5872
5901
7628
7620
5905
7746
5868
7709
7751
5885
5871
7348
5877
5883
5878
5879
5880
5899
7787
7710
7896
7799
7300
7398
7408
7492
7731
7133
7825
7730
7399
7387
7156
7258
7635
7623
7599
7590
7643
7631
7651
7639
7389
7483
7386
7659
7647
7512
7667
7655
7574
7565
7663
7523
7535
7519
7539
7531
5718
7196
7344
7430
7116
6489
7117
5709
5387
5711
5897
7725
5713
7729
7411
7717
7721
7892
5689
7184
7109
7755
7756
7098
7890
7471
5876
5851
5895
7887
7105
5896
7119
5898
5900
5874
5903
5733
5906
5873
5869
7516
7071
7870
7557
7397
7099
7581
7569
7259
6480
5559
7412
5894
5736
5714
7429
5941
5957
5953
7515
5951
7218
5984
5952
5725
5867
7893
5866
6777
5410
5975
5947
5935
5930
5929
5857
7070
5700
6666
7162
7171
7153
7145
5442
7594
7577
7596
7579
5864
6644
7121
5543
7108
5547
6553
7141
7094
7082
7074
5717
7166
5865
7090
5431
7120
7095
7083
7075
5923
5914
5918
5927
5922
5971
5969
5973
5540
7091
5556
6530
6642
7701
7556
7595
7578
5517
7170
7152
7144
6681
6674
7575
7566
6669
5856
7163
7583
7571
6677
7558
6648
7452
5424
7385
7140
7104
5437
6559
5990
5945
7464
7167
5943
5942
5453
5817
7421
7582
7570
7128
5438
5439
6149
5444
7770
6755
5553
5701
7923
7064
5443
5430
6555
6638
7561
6658
7371
7023
7022
6615
7290
7178
5411
6743
7186
5425
7448
7271
7198
5980
5965
5938
5932
5925
5916
5913
5429
7376
5434
7206
6347
6344
6350
6346
6354
6349
6359
6353
6364
6358
6351
6355
6360
6365
6370
7553
7159
6378
6375
6380
6379
6377
7214
6381
7562
7124
7161
6281
5392
5391
7222
6369
6363
6373
6552
7277
7554
6356
6361
6366
6371
6374
7302
7125
5432
6382
5413
6383
7310
7362
7613
7314
7230
6279
6278
6277
6283
6280
6284
6282
6376
7129
7457
6699
7857
7318
5436
5433
5888
7101
7322
7541
7533
7068
7453
7107
5446
7268
7326
5554
6006
7238
5960
7537
7521
7629
7621
5394
7069
7465
7456
5406
7330
7665
7525
7823
7309
7669
7657
7777
7661
7649
7372
5398
6735
7653
7641
7334
7645
7633
7601
7592
7637
7625
7700
5890
7150
7377
7410
6962
6925
6828
6788
6775
6754
6746
6732
6712
6663
6685
7261
6684
7540
7532
6680
7363
7536
7520
7103
7858
7446
5997
7589
7611
7461
7444
7470
7338
7816
5407
6772
7440
7664
7524
7252
7450
7087
7668
7656
7358
7175
7812
7416
5999
6676
7529
7808
7673
7740
7784
7765
7660
7648
7804
7132
7008
7652
7640
7157
7644
7632
7600
7591
7114
5825
7636
7624
7367
5396
6005
7079
7805
7781
7762
7737
7683
7550
7434
6652
5416
7100
7281
7462
7355
7110
7248
7513
5582
6718
5541
7269
5702
7139
5423
5386
7824
7817
7813
7809
7785
7766
7741
7674
7530
7417
7354
7780
7249
7359
7409
7433
7549
7761
7682
7736
7559
5422
7253
7573
7564
7254
7126
5618
5605
5592
5583
5570
5568
5566
5564
7112
5571
5569
5567
5565
7308
5589
5581
5575
5572
7106
5597
5588
5580
5574
5608
5595
5586
5578
7843
5619
5606
5593
5584
5596
5587
5579
5573
5630
5617
5604
5591
7118
7018
7024
6620
7014
7909
6551
7551
7844
5820
7021
7080
5910
7256
7088
5691
7019
7369
5985
6656
5715
5827
5886
5956
6002
6036
7015
7137
7136
7164
7897
5649
5639
5628
5615
5380
7847
5994
7468
5992
5656
5648
5638
5627
6001
5393
5395
7149
7374
7257
7469
6024
7010
7138
7848
5818
5889
7454
6022
7012
7169
7151
7143
7365
6513
7366
5964
5908
7122
6619
7360
7165
7769
7148
7420
7445
7438
7439
7627
7619
7426
7130
7728
7727
7724
7723
7720
7719
7716
7715
7403
6032
6033
7301
5911
7020
5907
7442
7443
6119
7460
7459
7016
6646
6645
7142
6618
7096
7092
7084
7076
7405
7272
5475
7506
7307
5640
5629
5616
5603
7011
7134
5502
7131
5998
7888
7264
7262
7067
6561
7413
7299
5766
5607
5594
5585
5577
7102
6073
6075
5482
6078
6081
5641
6087
6074
6076
6623
5631
5620
5792
5785
5776
5767
5590
5750
5748
5745
5742
5576
5598
5657
7400
5753
5749
5747
5744
5780
5771
5763
5757
5773
5765
5759
5756
5781
5772
5764
5758
7063
5788
5779
5770
5762
5793
5786
5777
5768
5799
5791
5784
5775
7006
5676
5404
5690
7173
7392
6771
6750
6734
6715
6668
6647
6624
7026
7862
7155
7518
7093
7081
7073
7089
7044
7797
7733
5806
5802
5797
5789
5403
7048
6491
7712
7007
7052
7031
7027
7708
7056
7035
7040
7758
7287
7801
5447
7793
7168
7789
5807
5805
5801
5796
7266
7288
7345
7185
5695
7745
7678
7546
7425
7349
7197
7402
5405
5849
5449
6554
7856
7072
5420
6550
7086
7388
7889
7078
5949
5513
7925
6535
7025
5812
7474
5920
7294
7486
5563
7481
7407
7891
7190
7499
7111
5884
5955
6000
6035
6058
6090
7504
7491
7827
7828
5847
7350
7298
7202
7495
7210
7226
7234
7242
7588
7831
7832
7610
7606
7618
6084
7285
5712
5824
7835
7836
6773
6541
5399
7839
7840
7127
7713
5418
5803
5798
5790
5783
6520
6519
6518
6517
7614
5489
5683
7066
5904
7017
7177
7395
7013
5838
6053
6026
7274
5441
7039
5787
5778
5769
5761
6051
7147
6540
7306
6977
6976
5688
6979
7406
7511
6981
6978
7850
7503
7263
6057
7894
5853
6983
6980
5848
7393
6982
6543
7379
5804
5800
5839
7009
5794
5774
5760
5782
5808
6542
7383
7251
6640
7568
7265
7060
5426
7247
7002
6483
5708
7378
5840
7085
5842
7062
5902
5963
6019
6027
6054
6072
6125
7886
7384
7077
7449
6443
5841
6430
6440
6442
6441
7476
6537
6534
6444
6432
6431
7435
7510
7872
7598
6470
6469
6466
6465
6463
6473
6472
6471
5815
6992
6991
6990
6989
6988
6987
6986
6985
6445
6448
7401
5860
6446
6450
6449
5855
5859
5863
5843
7873
6536
7508
6453
6452
6451
5710
5844
7005
5845
7853
7563
5870
5954
5993
6031
6056
6079
6132
6266
6341
6388
6490
5881
6975
6972
6971
6973
6974
6970
6969
6968
7396
5850
7273
7195
7357
7898
7065
7250
7487
5978
6539
7353
6538
7246
7842
7347
5852
7846
7772
7500
7501
7423
7773
7475
7183
7286
7194
7061
7544
5979
6819
6817
6815
6810
6813
6807
6804
6801
7514
6506
7771
7346
7343
7415
7356
7676
7432
7352
6516
7422
7419
7394
7743
6796
6794
6792
6779
6783
6785
6781
6790
7182
6095
6800
7543
6803
6258
6260
6241
6242
6802
6799
6256
6275
6276
6239
6268
6269
6805
6811
6808
7342
7477
6274
6273
6270
7675
7768
6267
6263
6262
6818
6816
6814
5974
5972
5970
5933
5928
5926
5921
5917
7528
7414
7742
7548
7431
6252
7418
6248
6253
6257
6259
6251
6247
6235
6249
6261
6243
6271
7380
6795
6793
6791
6778
6782
6784
6780
6789
7672
7912
5977
5948
5939
5936
5934
7368
7911
7527
6246
6244
6240
6886
6880
6898
6892
6874
7767
6317
6313
6310
6321
6307
6393
7681
7547
6910
6875
6304
6301
6887
6881
6437
6436
6435
6439
6438
6391
6392
6299
6899
6893
6847
6832
6826
6862
6842
6852
6837
6857
6042
5983
6250
6245
6217
6222
7739
6254
6255
6272
6210
6238
6202
7671
6873
6094
6082
6906
6902
6237
6234
6230
5982
5981
6786
6306
6296
6325
6309
6295
6294
6303
6300
6297
6292
7735
7680
6926
6885
6879
6897
6891
6884
6878
6872
6290
6288
7373
6131
6896
6286
6890
6770
6211
6203
6192
6190
6199
6206
6065
6204
6193
6232
6183
6909
6845
6830
6824
6860
6850
6840
6835
6855
5946
6846
6831
6825
6861
6841
6851
6836
6856
6848
6833
6827
6863
6843
6853
6838
6858
6146
6148
6147
6136
6133
6334
6330
6231
6184
6228
6224
6338
6335
6336
6333
6226
6220
7764
7738
6328
6324
6323
6320
6319
6316
6340
6337
6331
6327
6138
6140
6142
6171
6174
6143
6144
6221
6209
6088
5732
6967
6966
6965
6964
6963
6929
6928
6927
6883
6877
6871
6112
6895
6924
6923
6922
6921
6920
6821
6820
6822
6889
6905
6901
7760
6322
6318
6216
6291
6161
6293
6156
6315
6298
6154
7734
6326
6312
6289
6287
6194
6167
6911
6908
6904
6900
6894
6888
6882
6876
6137
6134
6130
6308
6305
6185
6179
6867
6798
6797
6869
6868
6866
6865
6870
6302
6175
6201
6182
6208
6188
6215
6197
6205
6159
6164
6128
6127
6126
6141
6139
6236
6227
6191
6178
6189
7783
7763
6844
6829
6823
6859
6839
6849
6834
6854
6339
6233
6229
6223
6219
7381
6225
6213
5722
6198
5687
7779
7759
6329
6311
6314
6151
6160
6166
6150
6152
6403
6407
6411
6414
6416
6424
7807
6425
7782
6214
6196
6165
6155
6170
6158
6200
6181
7698
6186
6195
6418
6169
6177
6180
6218
6212
7697
6207
6187
7803
7778
7811
7806
6396
6398
6401
6405
6409
6420
6421
6168
6173
6176
6157
6412
6172
6162
6153
7802
5915
7815
5966
5940
5937
5931
5919
5912
7810
5924
6394
6395
6399
6397
6402
6406
6400
6410
6404
6413
6163
6362
6417
6422
6419
6423
6408
6415
6352
6348
6345
6368
6357
6372
6367
7822
7814
7821
7936
7924
7922
7921
7920
7908
7907
7906
7905
7904
7903
7902
7901
7900
7876
7875
7874
7868
7867
7866
7865
7864
7863
7860
7820
7819
7704
7695
7694
7693
7692
7691
7690
7689
7688
7687
7686
7685
7684
7679
7670
7666
7662
7658
7654
7650
7646
7642
7638
7634
7630
7626
7622
7602
7597
7593
7584
7580
7576
7572
7567
7542
7538
7534
7526
7522
7509
7507
7502
7482
7466
7436
7382
7276
7275
7176
7172
7160
7158
7154
7146
7004
7003
7001
7000
6999
6998
6997
6995
6994
6993
6961
6960
6959
6958
6957
6956
6955
6954
6953
6952
6951
6950
6949
6948
6947
6946
6945
6944
6943
6942
6941
6940
6939
6938
6937
6936
6935
6934
6933
6932
6931
6930
6919
6918
6917
6916
6915
6914
6913
6912
6864
6776
6767
6766
6765
6764
6763
6762
6761
6758
6757
6756
6749
6748
6747
6744
6738
6736
6733
6731
6728
6727
6726
6725
6724
6723
6722
6719
6717
6716
6714
6713
6710
6709
6708
6707
6706
6705
6704
6703
6702
6701
6700
6698
6697
6696
6695
6694
6693
6692
6691
6690
6689
6688
6687
6686
6682
6671
6670
6667
6665
6664
6662
6657
6655
6654
6653
6649
6643
6641
6639
6637
6636
6635
6634
6633
6632
6631
6630
6629
6628
6626
6625
6622
6621
6617
6613
6612
6611
6610
6609
6608
6607
6606
6605
6604
6603
6602
6601
6600
6599
6598
6597
6596
6595
6594
6593
6592
6591
6590
6589
6588
6587
6586
6585
6584
6583
6582
6581
6580
6579
6578
6577
6576
6575
6574
6573
6572
6571
6570
6569
6568
6567
6566
6565
6564
6563
6562
6560
6557
6549
6544
6533
6532
6531
6529
6528
6527
6526
6525
6522
6521
6512
6496
6447
6434
6433
6390
6389
6343
6342
6265
6264
6135
6129
6124
6123
6122
6121
6120
6102
6100
6098
6077
6071
6064
6063
6061
6055
6052
6050
6049
6048
6047
6046
6045
6044
6043
6038
6034
6030
6029
6028
6025
6023
6020
6018
6017
6016
6015
6014
6013
6012
6010
6009
6007
6004
6003
5996
5995
5991
5989
5988
5987
5967
5962
5959
5950
5887
5882
5846
5837
5836
5832
5831
5829
5828
5826
5823
5735
5731
5730
5728
5723
5721
5698
5696
5694
5692
5562
5557
5551
5550
5545
5542
5530
5414
5412
5378
5377
5376
5375
5374
5373
5372
5371
5370
5369
5368
5367
5366
5365
5364
5363
5362
5361
5360
5359
5358
5357
5356
5355
5354
5353
5352
5351
5350
5349
5348
5347
5346
5345
5344
5343
5342
5341
5340
5339
5338
5337
5336
5335
5334
5333
5332
5331
5330
5329
5328
5327
5326
5325
5324
5323
5322
5321
5320
5319
5318
5317
5316
5315
5314
5313
5312
5311
5310
5309
5308
5307
5306
5305
5304
5303
5302
5301
5300
5299
5298
5297
5296
5295
5294
5293
5292
5291
5290
5289
5288
5287
5286
5285
5284
5283
5282
5281
5280
5279
5278
5277
5276
5275
5274
5273
5272
5271
5270
5269
5268
5267
5266
5265
5264
5263
5262
5261
5260
5259
5258
5257
5256
5255
5254
5253
5252
5251
5250
5249
5248
5247
5246
5245
5244
5243
5242
5241
5240
5239
5238
5237
5236
5235
5234
5233
5232
5231
5230
5229
5228
5227
5226
5225
5224
5223
5222
5221
5220
5219
5218
5217
5216
5215
5214
5213
5212
5211
5210
5209
5208
5207
5206
5205
5204
5203
5202
5201
5200
5199
5198
5197
5196
5195
5194
5193
5192
5191
5190
5189
5188
5187
5186
5185
5184
5183
5182
5181
5180
5179
5178
5177
5176
5175
5174
5173
5172
5171
5170
5169
5168
5167
5166
5165
5164
5163
5162
5161
5160
5159
5158
5157
5156
5155
5154
5153
5152
5151
5150
5149
5148
5147
5146
5145
5144
5143
5142
5141
5140
5139
5138
5137
5136
5135
5134
5133
5132
5131
5130
5129
5128
5127
5126
5125
5124
5123
5122
5121
5120
5119
5118
5117
5116
5115
5114
5113
5112
5111
5110
5109
5108
5107
5106
5105
5104
5103
5102
5101
5100
5099
5098
5097
5096
5095
5094
5093
5092
5091
5090
5089
5088
5087
5086
5085
5084
5083
5082
5081
5080
5079
5078
5077
5076
5075
5074
5073
5072
5071
5070
5069
5068
5067
5066
5065
5064
5063
5062
5061
5060
5059
5058
5057
5056
5055
5054
5053
5052
5051
5050
5049
5048
5047
5046
5045
5044
5043
5042
5041
5040
5039
5038
5037
5036
5035
5034
5033
5032
5031
5030
5029
5028
5027
5026
5025
5024
5023
5022
5021
5020
5019
5018
5017
5016
5015
5014
5013
5012
5011
5010
5009
5008
5007
5006
5005
5004
5003
5002
5001
5000
4999
4998
4997
4996
4995
4994
4993
4992
4991
4990
4989
4988
4987
4986
4985
4984
4983
4982
4981
4980
4979
4978
4977
4976
4975
4974
4973
4972
4971
4970
4969
4968
4967
4966
4965
4964
4963
4962
4961
4960
4959
4958
4957
4956
4955
4954
4953
4952
4951
4950
4949
4948
4947
4946
4945
4944
4943
4942
4941
4940
4939
4938
4937
4936
4935
4934
4933
4932
4931
4930
4929
4928
4927
4926
4925
4924
4923
4922
4921
4920
4919
4918
4917
4916
4915
4914
4913
4912
4911
4910
4909
4908
4907
4906
4905
4904
4903
4902
4901
4900
4899
4898
4897
4896
4895
4894
4893
4892
4891
4890
4889
4888
4887
4886
4885
4884
4883
4882
4881
4880
4879
4878
4877
4876
4875
4874
4873
4872
4871
4870
4869
4868
4867
4866
4865
4864
4863
4862
4861
4860
4859
4858
4857
4856
4855
4854
4853
4852
4851
4850
4849
4848
4847
4846
4845
4844
4843
4842
4841
4840
4839
4838
4837
4836
4835
4834
4833
4832
4831
4830
4829
4828
4827
4826
4825
4824
4823
4822
4821
4820
4819
4818
4817
4816
4815
4814
4813
4812
4811
4810
4809
4808
4807
4806
4805
4804
4803
4802
4801
4800
4799
4798
4797
4796
4795
4794
4793
4792
4791
4790
4789
4788
4787
4786
4785
4784
4783
4782
4781
4780
4779
4778
4777
4776
4775
4774
4773
4772
4771
4770
4769
4768
4767
4766
4765
4764
4763
4762
4761
4760
4759
4758
4757
4756
4755
4754
4753
4752
4751
4750
4749
4748
4747
4746
4745
4744
4743
4742
4741
4740
4739
4738
4737
4736
4735
4734
4733
4732
4731
4730
4729
4728
4727
4726
4725
4724
4723
4722
4721
4720
4719
4718
4717
4716
4715
4714
4713
4712
4711
4710
4709
4708
4707
4706
4705
4704
4703
4702
4701
4700
4699
4698
4697
4696
4695
4694
4693
4692
4691
4690
4689
4688
4687
4686
4685
4684
4683
4682
4681
4680
4679
4678
4677
4676
4675
4674
4673
4672
4671
4670
4669
4668
4667
4666
4665
4664
4663
4662
4661
4660
4659
4658
4657
4656
4655
4654
4653
4652
4651
4650
4649
4648
4647
4646
4645
4644
4643
4642
4641
4640
4639
4638
4637
4636
4635
4634
4633
4632
4631
4630
4629
4628
4627
4626
4625
4624
4623
4622
4621
4620
4619
4618
4617
4616
4615
4614
4613
4612
4611
4610
4609
4608
4607
4606
4605
4604
4603
4602
4601
4600
4599
4598
4597
4596
4595
4594
4593
4592
4591
4590
4589
4588
4587
4586
4585
4584
4583
4582
4581
4580
4579
4578
4577
4576
4575
4574
4573
4572
4571
4570
4569
4568
4567
4566
4565
4564
4563
4562
4561
4560
4559
4558
4557
4556
4555
4554
4553
4552
4551
4550
4549
4548
4547
4546
4545
4544
4543
4542
4541
4540
4539
4538
4537
4536
4535
4534
4533
4532
4531
4530
4529
4528
4527
4526
4525
4524
4523
4522
4521
4520
4519
4518
4517
4516
4515
4514
4513
4512
4511
4510
4509
4508
4507
4506
4505
4504
4503
4502
4501
4500
4499
4498
4497
4496
4495
4494
4493
4492
4491
4490
4489
4488
4487
4486
4485
4484
4483
4482
4481
4480
4479
4478
4477
4476
4475
4474
4473
4472
4471
4470
4469
4468
4467
4466
4465
4464
4463
4462
4461
4460
4459
4458
4457
4456
4455
4454
4453
4452
4451
4450
4449
4448
4447
4446
4445
4444
4443
4442
4441
4440
4439
4438
4437
4436
4435
4434
4433
4432
4431
4430
4429
4428
4427
4426
4425
4424
4423
4422
4421
4420
4419
4418
4417
4416
4415
4414
4413
4412
4411
4410
4409
4408
4407
4406
4405
4404
4403
4402
4401
4400
4399
4398
4397
4396
4395
4394
4393
4392
4391
4390
4389
4388
4387
4386
4385
4384
4383
4382
4381
4380
4379
4378
4377
4376
4375
4374
4373
4372
4371
4370
4369
4368
4367
4366
4365
4364
4363
4362
4361
4360
4359
4358
4357
4356
4355
4354
4353
4352
4351
4350
4349
4348
4347
4346
4345
4344
4343
4342
4341
4340
4339
4338
4337
4336
4335
4334
4333
4332
4331
4330
4329
4328
4327
4326
4325
4324
4323
4322
4321
4320
4319
4318
4317
4316
4315
4314
4313
4312
4311
4310
4309
4308
4307
4306
4305
4304
4303
4302
4301
4300
4299
4298
4297
4296
4295
4294
4293
4292
4291
4290
4289
4288
4287
4286
4285
4284
4283
4282
4281
4280
4279
4278
4277
4276
4275
4274
4273
4272
4271
4270
4269
4268
4267
4266
4265
4264
4263
4262
4261
4260
4259
4258
4257
4256
4255
4254
4253
4252
4251
4250
4249
4248
4247
4246
4245
4244
4243
4242
4241
4240
4239
4238
4237
4236
4235
4234
4233
4232
4231
4230
4229
4228
4227
4226
4225
4224
4223
4222
4221
4220
4219
4218
4217
4216
4215
4214
4213
4212
4211
4210
4209
4208
4207
4206
4205
4204
4203
4202
4201
4200
4199
4198
4197
4196
4195
4194
4193
4192
4191
4190
4189
4188
4187
4186
4185
4184
4183
4182
4181
4180
4179
4178
4177
4176
4175
4174
4173
4172
4171
4170
4169
4168
4167
4166
4165
4164
4163
4162
4161
4160
4159
4158
4157
4156
4155
4154
4153
4152
4151
4150
4149
4148
4147
4146
4145
4144
4143
4142
4141
4140
4139
4138
4137
4136
4135
4134
4133
4132
4131
4130
4129
4128
4127
4126
4125
4124
4123
4122
4121
4120
4119
4118
4117
4116
4115
4114
4113
4112
4111
4110
4109
4108
4107
4106
4105
4104
4103
4102
4101
4100
4099
4098
4097
4096
4095
4094
4093
4092
4091
4090
4089
4088
4087
4086
4085
4084
4083
4082
4081
4080
4079
4078
4077
4076
4075
4074
4073
4072
4071
4070
4069
4068
4067
4066
4065
4064
4063
4062
4061
4060
4059
4058
4057
4056
4055
4054
4053
4052
4051
4050
4049
4048
4047
4046
4045
4044
4043
4042
4041
4040
4039
4038
4037
4036
4035
4034
4033
4032
4031
4030
4029
4028
4027
4026
4025
4024
4023
4022
4021
4020
4019
4018
4017
4016
4015
4014
4013
4012
4011
4010
4009
4008
4007
4006
4005
4004
4003
4002
4001
4000
3999
3998
3997
3996
3995
3994
3993
3992
3991
3990
3989
3988
3987
3986
3985
3984
3983
3982
3981
3980
3979
3978
3977
3976
3975
3974
3973
3972
3971
3970
3969
3968
3967
3966
3965
3964
3963
3962
3961
3960
3959
3958
3957
3956
3955
3954
3953
3952
3951
3950
3949
3948
3947
3946
3945
3944
3943
3942
3941
3940
3939
3938
3937
3936
3935
3934
3933
3932
3931
3930
3929
3928
3927
3926
3925
3924
3923
3922
3921
3920
3919
3918
3917
3916
3915
3914
3913
3912
3911
3910
3909
3908
3907
3906
3905
3904
3903
3902
3901
3900
3899
3898
3897
3896
3895
3894
3893
3892
3891
3890
3889
3888
3887
3886
3885
3884
3883
3882
3881
3880
3879
3878
3877
3876
3875
3874
3873
3872
3871
3870
3869
3868
3867
3866
3865
3864
3863
3862
3861
3860
3859
3858
3857
3856
3855
3854
3853
3852
3851
3850
3849
3848
3847
3846
3845
3844
3843
3842
3841
3840
3839
3838
3837
3836
3835
3834
3833
3832
3831
3830
3829
3828
3827
3826
3825
3824
3823
3822
3821
3820
3819
3818
3817
3816
3815
3814
3813
3812
3811
3810
3809
3808
3807
3806
3805
3804
3803
3802
3801
3800
3799
3798
3797
3796
3795
3794
3793
3792
3791
3790
3789
3788
3787
3786
3785
3784
3783
3782
3781
3780
3779
3778
3777
3776
3775
3774
3773
3772
3771
3770
3769
3768
3767
3766
3765
3764
3763
3762
3761
3760
3759
3758
3757
3756
3755
3754
3753
3752
3751
3750
3749
3748
3747
3746
3745
3744
3743
3742
3741
3740
3739
3738
3737
3736
3735
3734
3733
3732
3731
3730
3729
3728
3727
3726
3725
3724
3723
3722
3721
3720
3719
3718
3717
3716
3715
3714
3713
3712
3711
3710
3709
3708
3707
3706
3705
3704
3703
3702
3701
3700
3699
3698
3697
3696
3695
3694
3693
3692
3691
3690
3689
3688
3687
3686
3685
3684
3683
3682
3681
3680
3679
3678
3677
3676
3675
3674
3673
3672
3671
3670
3669
3668
3667
3666
3665
3664
3663
3662
3661
3660
3659
3658
3657
3656
3655
3654
3653
3652
3651
3650
3649
3648
3647
3646
3645
3644
3643
3642
3641
3640
3639
3638
3637
3636
3635
3634
3633
3632
3631
3630
3629
3628
3627
3626
3625
3624
3623
3622
3621
3620
3619
3618
3617
3616
3615
3614
3613
3612
3611
3610
3609
3608
3607
3606
3605
3604
3603
3602
3601
3600
3599
3598
3597
3596
3595
3594
3593
3592
3591
3590
3589
3588
3587
3586
3585
3584
3583
3582
3581
3580
3579
3578
3577
3576
3575
3574
3573
3572
3571
3570
3569
3568
3567
3566
3565
3564
3563
3562
3561
3560
3559
3558
3557
3556
3555
3554
3553
3552
3551
3550
3549
3548
3547
3546
3545
3544
3543
3542
3541
3540
3539
3538
3537
3536
3535
3534
3533
3532
3531
3530
3529
3528
3527
3526
3525
3524
3523
3522
3521
3520
3519
3518
3517
3516
3515
3514
3513
3512
3511
3510
3509
3508
3507
3506
3505
3504
3503
3502
3501
3500
3499
3498
3497
3496
3495
3494
3493
3492
3491
3490
3489
3488
3487
3486
3485
3484
3483
3482
3481
3480
3479
3478
3477
3476
3475
3474
3473
3472
3471
3470
3469
3468
3467
3466
3465
3464
3463
3462
3461
3460
3459
3458
3457
3456
3455
3454
3453
3452
3451
3450
3449
3448
3447
3446
3445
3444
3443
3442
3441
3440
3439
3438
3437
3436
3435
3434
3433
3432
3431
3430
3429
3428
3427
3426
3425
3424
3423
3422
3421
3420
3419
3418
3417
3416
3415
3414
3413
3412
3411
3410
3409
3408
3407
3406
3405
3404
3403
3402
3401
3400
3399
3398
3397
3396
3395
3394
3393
3392
3391
3390
3389
3388
3387
3386
3385
3384
3383
3382
3381
3380
3379
3378
3377
3376
3375
3374
3373
3372
3371
3370
3369
3368
3367
3366
3365
3364
3363
3362
3361
3360
3359
3358
3357
3356
3355
3354
3353
3352
3351
3350
3349
3348
3347
3346
3345
3344
3343
3342
3341
3340
3339
3338
3337
3336
3335
3334
3333
3332
3331
3330
3329
3328
3327
3326
3325
3324
3323
3322
3321
3320
3319
3318
3317
3316
3315
3314
3313
3312
3311
3310
3309
3308
3307
3306
3305
3304
3303
3302
3301
3300
3299
3298
3297
3296
3295
3294
3293
3292
3291
3290
3289
3288
3287
3286
3285
3284
3283
3282
3281
3280
3279
3278
3277
3276
3275
3274
3273
3272
3271
3270
3269
3268
3267
3266
3265
3264
3263
3262
3261
3260
3259
3258
3257
3256
3255
3254
3253
3252
3251
3250
3249
3248
3247
3246
3245
3244
3243
3242
3241
3240
3239
3238
3237
3236
3235
3234
3233
3232
3231
3230
3229
3228
3227
3226
3225
3224
3223
3222
3221
3220
3219
3218
3217
3216
3215
3214
3213
3212
3211
3210
3209
3208
3207
3206
3205
3204
3203
3202
3201
3200
3199
3198
3197
3196
3195
3194
3193
3192
3191
3190
3189
3188
3187
3186
3185
3184
3183
3182
3181
3180
3179
3178
3177
3176
3175
3174
3173
3172
3171
3170
3169
3168
3167
3166
3165
3164
3163
3162
3161
3160
3159
3158
3157
3156
3155
3154
3153
3152
3151
3150
3149
3148
3147
3146
3145
3144
3143
3142
3141
3140
3139
3138
3137
3136
3135
3134
3133
3132
3131
3130
3129
3128
3127
3126
3125
3124
3123
3122
3121
3120
3119
3118
3117
3116
3115
3114
3113
3112
3111
3110
3109
3108
3107
3106
3105
3104
3103
3102
3101
3100
3099
3098
3097
3096
3095
3094
3093
3092
3091
3090
3089
3088
3087
3086
3085
3084
3083
3082
3081
3080
3079
3078
3077
3076
3075
3074
3073
3072
3071
3070
3069
3068
3067
3066
3065
3064
3063
3062
3061
3060
3059
3058
3057
3056
3055
3054
3053
3052
3051
3050
3049
3048
3047
3046
3045
3044
3043
3042
3041
3040
3039
3038
3037
3036
3035
3034
3033
3032
3031
3030
3029
3028
3027
3026
3025
3024
3023
3022
3021
3020
3019
3018
3017
3016
3015
3014
3013
3012
3011
3010
3009
3008
3007
3006
3005
3004
3003
3002
3001
3000
2999
2998
2997
2996
2995
2994
2993
2992
2991
2990
2989
2988
2987
2986
2985
2984
2983
2982
2981
2980
2979
2978
2977
2976
2975
2974
2973
2972
2971
2970
2969
2968
2967
2966
2965
2964
2963
2962
2961
2960
2959
2958
2957
2956
2955
2954
2953
2952
2951
2950
2949
2948
2947
2946
2945
2944
2943
2942
2941
2940
2939
2938
2937
2936
2935
2934
2933
2932
2931
2930
2929
2928
2927
2926
2925
2924
2923
2922
2921
2920
2919
2918
2917
2916
2915
2914
2913
2912
2911
2910
2909
2908
2907
2906
2905
2904
2903
2902
2901
2900
2899
2898
2897
2896
2895
2894
2893
2892
2891
2890
2889
2888
2887
2886
2885
2884
2883
2882
2881
2880
2879
2878
2877
2876
2875
2874
2873
2872
2871
2870
2869
2868
2867
2866
2865
2864
2863
2862
2861
2860
2859
2858
2857
2856
2855
2854
2853
2852
2851
2850
2849
2848
2847
2846
2845
2844
2843
2842
2841
2840
2839
2838
2837
2836
2835
2834
2833
2832
2831
2830
2829
2828
2827
2826
2825
2824
2823
2822
2821
2820
2819
2818
2817
2816
2815
2814
2813
2812
2811
2810
2809
2808
2807
2806
2805
2804
2803
2802
2801
2800
2799
2798
2797
2796
2795
2794
2793
2792
2791
2790
2789
2788
2787
2786
2785
2784
2783
2782
2781
2780
2779
2778
2777
2776
2775
2774
2773
2772
2771
2770
2769
2768
2767
2766
2765
2764
2763
2762
2761
2760
2759
2758
2757
2756
2755
2754
2753
2752
2751
2750
2749
2748
2747
2746
2745
2744
2743
2742
2741
2740
2739
2738
2737
2736
2735
2734
2733
2732
2731
2730
2729
2728
2727
2726
2725
2724
2723
2722
2721
2720
2719
2718
2717
2716
2715
2714
2713
2712
2711
2710
2709
2708
2707
2706
2705
2704
2703
2702
2701
2700
2699
2698
2697
2696
2695
2694
2693
2692
2691
2690
2689
2688
2687
2686
2685
2684
2683
2682
2681
2680
2679
2678
2677
2676
2675
2674
2673
2672
2671
2670
2669
2668
2667
2666
2665
2664
2663
2662
2661
2660
2659
2658
2657
2656
2655
2654
2653
2652
2651
2650
2649
2648
2647
2646
2645
2644
2643
2642
2641
2640
2639
2638
2637
2636
2635
2634
2633
2632
2631
2630
2629
2628
2627
2626
2625
2624
2623
2622
2621
2620
2619
2618
2617
2616
2615
2614
2613
2612
2611
2610
2609
2608
2607
2606
2605
2604
2603
2602
2601
2600
2599
2598
2597
2596
2595
2594
2593
2592
2591
2590
2589
2588
2587
2586
2585
2584
2583
2582
2581
2580
2579
2578
2577
2576
2575
2574
2573
2572
2571
2570
2569
2568
2567
2566
2565
2564
2563
2562
2561
2560
2559
2558
2557
2556
2555
2554
2553
2552
2551
2550
2549
2548
2547
2546
2545
2544
2543
2542
2541
2540
2539
2538
2537
2536
2535
2534
2533
2532
2531
2530
2529
2528
2527
2526
2525
2524
2523
2522
2521
2520
2519
2518
2517
2516
2515
2514
2513
2512
2511
2510
2509
2508
2507
2506
2505
2504
2503
2502
2501
2500
2499
2498
2497
2496
2495
2494
2493
2492
2491
2490
2489
2488
2487
2486
2485
2484
2483
2482
2481
2480
2479
2478
2477
2476
2475
2474
2473
2472
2471
2470
2469
2468
2467
2466
2465
2464
2463
2462
2461
2460
2459
2458
2457
2456
2455
2454
2453
2452
2451
2450
2449
2448
2447
2446
2445
2444
2443
2442
2441
2440
2439
2438
2437
2436
2435
2434
2433
2432
2431
2430
2429
2428
2427
2426
2425
2424
2423
2422
2421
2420
2419
2418
2417
2416
2415
2414
2413
2412
2411
2410
2409
2408
2407
2406
2405
2404
2403
2402
2401
2400
2399
2398
2397
2396
2395
2394
2393
2392
2391
2390
2389
2388
2387
2386
2385
2384
2383
2382
2381
2380
2379
2378
2377
2376
2375
2374
2373
2372
2371
2370
2369
2368
2367
2366
2365
2364
2363
2362
2361
2360
2359
2358
2357
2356
2355
2354
2353
2352
2351
2350
2349
2348
2347
2346
2345
2344
2343
2342
2341
2340
2339
2338
2337
2336
2335
2334
2333
2332
2331
2330
2329
2328
2327
2326
2325
2324
2323
2322
2321
2320
2319
2318
2317
2316
2315
2314
2313
2312
2311
2310
2309
2308
2307
2306
2305
2304
2303
2302
2301
2300
2299
2298
2297
2296
2295
2294
2293
2292
2291
2290
2289
2288
2287
2286
2285
2284
2283
2282
2281
2280
2279
2278
2277
2276
2275
2274
2273
2272
2271
2270
2269
2268
2267
2266
2265
2264
2263
2262
2261
2260
2259
2258
2257
2256
2255
2254
2253
2252
2251
2250
2249
2248
2247
2246
2245
2244
2243
2242
2241
2240
2239
2238
2237
2236
2235
2234
2233
2232
2231
2230
2229
2228
2227
2226
2225
2224
2223
2222
2221
2220
2219
2218
2217
2216
2215
2214
2213
2212
2211
2210
2209
2208
2207
2206
2205
2204
2203
2202
2201
2200
2199
2198
2197
2196
2195
2194
2193
2192
2191
2190
2189
2188
2187
2186
2185
2184
2183
2182
2181
2180
2179
2178
2177
2176
2175
2174
2173
2172
2171
2170
2169
2168
2167
2166
2165
2164
2163
2162
2161
2160
2159
2158
2157
2156
2155
2154
2153
2152
2151
2150
2149
2148
2147
2146
2145
2144
2143
2142
2141
2140
2139
2138
2137
2136
2135
2134
2133
2132
2131
2130
2129
2128
2127
2126
2125
2124
2123
2122
2121
2120
2119
2118
2117
2116
2115
2114
2113
2112
2111
2110
2109
2108
2107
2106
2105
2104
2103
2102
2101
2100
2099
2098
2097
2096
2095
2094
2093
2092
2091
2090
2089
2088
2087
2086
2085
2084
2083
2082
2081
2080
2079
2078
2077
2076
2075
2074
2073
2072
2071
2070
2069
2068
2067
2066
2065
2064
2063
2062
2061
2060
2059
2058
2057
2056
2055
2054
2053
2052
2051
2050
2049
2048
2047
2046
2045
2044
2043
2042
2041
2040
2039
2038
2037
2036
2035
2034
2033
2032
2031
2030
2029
2028
2027
2026
2025
2024
2023
2022
2021
2020
2019
2018
2017
2016
2015
2014
2013
2012
2011
2010
2009
2008
2007
2006
2005
2004
2003
2002
2001
2000
1999
1998
1997
1996
1995
1994
1993
1992
1991
1990
1989
1988
1987
1986
1985
1984
1983
1982
1981
1980
1979
1978
1977
1976
1975
1974
1973
1972
1971
1970
1969
1968
1967
1966
1965
1964
1963
1962
1961
1960
1959
1958
1957
1956
1955
1954
1953
1952
1951
1950
1949
1948
1947
1946
1945
1944
1943
1942
1941
1940
1939
1938
1937
1936
1935
1934
1933
1932
1931
1930
1929
1928
1927
1926
1925
1924
1923
1922
1921
1920
1919
1918
1917
1916
1915
1914
1913
1912
1911
1910
1909
1908
1907
1906
1905
1904
1903
1902
1901
1900
1899
1898
1897
1896
1895
1894
1893
1892
1891
1890
1889
1888
1887
1886
1885
1884
1883
1882
1881
1880
1879
1878
1877
1876
1875
1874
1873
1872
1871
1870
1869
1868
1867
1866
1865
1864
1863
1862
1861
1860
1859
1858
1857
1856
1855
1854
1853
1852
1851
1850
1849
1848
1847
1846
1845
1844
1843
1842
1841
1840
1839
1838
1837
1836
1835
1834
1833
1832
1831
1830
1829
1828
1827
1826
1825
1824
1823
1822
1821
1820
1819
1818
1817
1816
1815
1814
1813
1812
1811
1810
1809
1808
1807
1806
1805
1804
1803
1802
1801
1800
1799
1798
1797
1796
1795
1794
1793
1792
1791
1790
1789
1788
1787
1786
1785
1784
1783
1782
1781
1780
1779
1778
1777
1776
1775
1774
1773
1772
1771
1770
1769
1768
1767
1766
1765
1764
1763
1762
1761
1760
1759
1758
1757
1756
1755
1754
1753
1752
1751
1750
1749
1748
1747
1746
1745
1744
1743
1742
1741
1740
1739
1738
1737
1736
1735
1734
1733
1732
1731
1730
1729
1728
1727
1726
1725
1724
1723
1722
1721
1720
1719
1718
1717
1716
1715
1714
1713
1712
1711
1710
1709
1708
1707
1706
1705
1704
1703
1702
1701
1700
1699
1698
1697
1696
1695
1694
1693
1692
1691
1690
1689
1688
1687
1686
1685
1684
1683
1682
1681
1680
1679
1678
1677
1676
1675
1674
1673
1672
1671
1670
1669
1668
1667
1666
1665
1664
1663
1662
1661
1660
1659
1658
1657
1656
1655
1654
1653
1652
1651
1650
1649
1648
1647
1646
1645
1644
1643
1642
1641
1640
1639
1638
1637
1636
1635
1634
1633
1632
1631
1630
1629
1628
1627
1626
1625
1624
1623
1622
1621
1620
1619
1618
1617
1616
1615
1614
1613
1612
1611
1610
1609
1608
1607
1606
1605
1604
1603
1602
1601
1600
1599
1598
1597
1596
1595
1594
1593
1592
1591
1590
1589
1588
1587
1586
1585
1584
1583
1582
1581
1580
1579
1578
1577
1576
1575
1574
1573
1572
1571
1570
1569
1568
1567
1566
1565
1564
1563
1562
1561
1560
1559
1558
1557
1556
1555
1554
1553
1552
1551
1550
1549
1548
1547
1546
1545
1544
1543
1542
1541
1540
1539
1538
1537
1536
1535
1534
1533
1532
1531
1530
1529
1528
1527
1526
1525
1524
1523
1522
1521
1520
1519
1518
1517
1516
1515
1514
1513
1512
1511
1510
1509
1508
1507
1506
1505
1504
1503
1502
1501
1500
1499
1498
1497
1496
1495
1494
1493
1492
1491
1490
1489
1488
1487
1486
1485
1484
1483
1482
1481
1480
1479
1478
1477
1476
1475
1474
1473
1472
1471
1470
1469
1468
1467
1466
1465
1464
1463
1462
1461
1460
1459
1458
1457
1456
1455
1454
1453
1452
1451
1450
1449
1448
1447
1446
1445
1444
1443
1442
1441
1440
1439
1438
1437
1436
1435
1434
1433
1432
1431
1430
1429
1428
1427
1426
1425
1424
1423
1422
1421
1420
1419
1418
1417
1416
1415
1414
1413
1412
1411
1410
1409
1408
1407
1406
1405
1404
1403
1402
1401
1400
1399
1398
1397
1396
1395
1394
1393
1392
1391
1390
1389
1388
1387
1386
1385
1384
1383
1382
1381
1380
1379
1378
1377
1376
1375
1374
1373
1372
1371
1370
1369
1368
1367
1366
1365
1364
1363
1362
1361
1360
1359
1358
1357
1356
1355
1354
1353
1352
1351
1350
1349
1348
1347
1346
1345
1344
1343
1342
1341
1340
1339
1338
1337
1336
1335
1334
1333
1332
1331
1330
1329
1328
1327
1326
1325
1324
1323
1322
1321
1320
1319
1318
1317
1316
1315
1314
1313
1312
1311
1310
1309
1308
1307
1306
1305
1304
1303
1302
1301
1300
1299
1298
1297
1296
1295
1294
1293
1292
1291
1290
1289
1288
1287
1286
1285
1284
1283
1282
1281
1280
1279
1278
1277
1276
1275
1274
1273
1272
1271
1270
1269
1268
1267
1266
1265
1264
1263
1262
1261
1260
1259
1258
1257
1256
1255
1254
1253
1252
1251
1250
1249
1248
1247
1246
1245
1244
1243
1242
1241
1240
1239
1238
1237
1236
1235
1234
1233
1232
1231
1230
1229
1228
1227
1226
1225
1224
1223
1222
1221
1220
1219
1218
1217
1216
1215
1214
1213
1212
1211
1210
1209
1208
1207
1206
1205
1204
1203
1202
1201
1200
1199
1198
1197
1196
1195
1194
1193
1192
1191
1190
1189
1188
1187
1186
1185
1184
1183
1182
1181
1180
1179
1178
1177
1176
1175
1174
1173
1172
1171
1170
1169
1168
1167
1166
1165
1164
1163
1162
1161
1160
1159
1158
1157
1156
1155
1154
1153
1152
1151
1150
1149
1148
1147
1146
1145
1144
1143
1142
1141
1140
1139
1138
1137
1136
1135
1134
1133
1132
1131
1130
1129
1128
1127
1126
1125
1124
1123
1122
1121
1120
1119
1118
1117
1116
1115
1114
1113
1112
1111
1110
1109
1108
1107
1106
1105
1104
1103
1102
1101
1100
1099
1098
1097
1096
1095
1094
1093
1092
1091
1090
1089
1088
1087
1086
1085
1084
1083
1082
1081
1080
1079
1078
1077
1076
1075
1074
1073
1072
1071
1070
1069
1068
1067
1066
1065
1064
1063
1062
1061
1060
1059
1058
1057
1056
1055
1054
1053
1052
1051
1050
1049
1048
1047
1046
1045
1044
1043
1042
1041
1040
1039
1038
1037
1036
1035
1034
1033
1032
1031
1030
1029
1028
1027
1026
1025
1024
1023
1022
1021
1020
1019
1018
1017
1016
1015
1014
1013
1012
1011
1010
1009
1008
1007
1006
1005
1004
1003
1002
1001
1000
999
998
997
996
995
994
993
992
991
990
989
988
987
986
985
984
983
982
981
980
979
978
977
976
975
974
973
972
971
970
969
968
967
966
965
964
963
962
961
960
959
958
957
956
955
954
953
952
951
950
949
948
947
946
945
944
943
942
941
940
939
938
937
936
935
934
933
932
931
930
929
928
927
926
925
924
923
922
921
920
919
918
917
916
915
914
913
912
911
910
909
908
907
906
905
904
903
902
901
900
899
898
897
896
895
894
893
892
891
890
889
888
887
886
885
884
883
882
881
880
879
878
877
876
875
874
873
872
871
870
869
868
867
866
865
864
863
862
861
860
859
858
857
856
855
854
853
852
851
850
849
848
847
846
845
844
843
842
841
840
839
838
837
836
835
834
833
832
831
830
829
828
827
826
825
824
823
822
821
820
819
818
817
816
815
814
813
812
811
810
809
808
807
806
805
804
803
802
801
800
799
798
797
796
795
794
793
792
791
790
789
788
787
786
785
784
783
782
781
780
779
778
777
776
775
774
773
772
771
770
769
768
767
766
765
764
763
762
761
760
759
758
757
756
755
754
753
752
751
750
749
748
747
746
745
744
743
742
741
740
739
738
737
736
735
734
733
732
731
730
729
728
727
726
725
724
723
722
721
720
719
718
717
716
715
714
713
712
711
710
709
708
707
706
705
704
703
702
701
700
699
698
697
696
695
694
693
692
691
690
689
688
687
686
685
684
683
682
681
680
679
678
677
676
675
674
673
672
671
670
669
668
667
666
665
664
663
662
661
660
659
658
657
656
655
654
653
652
651
650
649
648
647
646
645
644
643
642
641
640
639
638
637
636
635
634
633
632
631
630
629
628
627
626
625
624
623
622
621
620
619
618
617
616
615
614
613
612
611
610
609
608
607
606
605
604
603
602
601
600
599
598
597
596
595
594
593
592
591
590
589
588
587
586
585
584
583
582
581
580
579
578
577
576
575
574
573
572
571
570
569
568
567
566
565
564
563
562
561
560
559
558
557
556
555
554
553
552
551
550
549
548
547
546
545
544
543
542
541
540
539
538
537
536
535
534
533
532
531
530
529
528
527
526
525
524
523
522
521
520
519
518
517
516
515
514
513
512
511
510
509
508
507
506
505
504
503
502
501
500
499
498
497
496
495
494
493
492
491
490
489
488
487
486
485
484
483
482
481
480
479
478
477
476
475
474
473
472
471
470
469
468
467
466
465
464
463
462
461
460
459
458
457
456
455
454
453
452
451
450
449
448
447
446
445
444
443
442
441
440
439
438
437
436
435
434
433
432
431
430
429
428
427
426
425
424
423
422
421
420
419
418
417
416
415
414
413
412
411
410
409
408
407
406
405
404
403
402
401
400
399
398
397
396
395
394
393
392
391
390
389
388
387
386
385
384
383
382
381
380
379
378
377
376
375
374
373
372
371
370
369
368
367
366
365
364
363
362
361
360
359
358
357
356
355
354
353
352
351
350
349
348
347
346
345
344
343
342
341
340
339
338
337
336
335
334
333
332
331
330
329
328
327
326
325
324
323
322
321
320
319
318
317
316
315
314
313
312
311
310
309
308
307
306
305
304
303
302
301
300
299
298
297
296
295
294
293
292
291
290
289
288
287
286
285
284
283
282
281
280
279
278
277
276
275
274
273
272
271
270
269
268
267
266
265
264
263
262
261
260
259
258
257
256
255
254
253
252
251
250
249
248
247
246
245
244
243
242
241
240
239
238
237
236
235
234
233
232
231
230
229
228
227
226
225
224
223
222
221
220
219
218
217
216
215
214
213
212
211
210
209
208
207
206
205
204
203
202
201
200
199
198
197
196
195
194
193
192
191
190
189
188
187
186
185
184
183
182
181
180
179
178
177
176
175
174
173
172
171
170
169
168
167
166
165
164
163
162
161
160
159
158
157
156
155
154
153
152
151
150
149
148
147
146
145
144
143
142
141
140
139
138
137
136
135
134
133
132
131
130
129
128
127
126
125
124
123
122
121
120
119
118
117
116
115
114
113
112
111
110
109
108
107
106
105
104
103
102
101
100
99
98
97
96
95
94
93
92
91
90
89
88
87
86
85
84
83
82
81
80
79
78
77
76
75
74
73
72
71
70
69
68
67
66
65
64
63
62
61
60
59
58
57
56
55
54
53
52
51
50
49
48
47
46
45
44
43
42
41
40
39
38
37
36
35
34
33
32
31
30
29
28
27
26
25
24
23
22
21
20
19
18
17
16
15
14
13
12
11
10
9
8
7
6
5
4
3
2
1
