25
668
1
5
4
2
21
20
19
18
17
15
16
14
303
441
440
439
446
445
444
443
442
369
368
367
374
373
372
371
370
405
404
403
410
409
408
407
406
482
481
480
479
478
477
476
475
530
529
528
532
531
517
516
515
669
587
197
639
196
226
637
126
638
324
195
329
330
328
242
326
3
327
323
325
194
193
166
185
192
288
26
234
580
579
191
582
578
577
187
583
585
584
576
190
586
11
581
575
574
189
287
243
188
241
286
240
186
79
239
233
78
285
77
170
225
625
284
627
626
628
629
630
631
632
224
45
123
283
305
122
76
124
263
282
121
229
44
228
281
120
304
218
75
227
43
262
74
56
280
220
73
648
42
244
59
261
119
198
279
58
118
613
612
609
620
619
616
260
22
13
204
57
41
117
97
230
278
608
615
72
165
162
159
156
40
667
31
10
9
8
7
6
12
201
200
92
88
84
80
259
55
199
235
39
277
275
32
30
29
276
245
203
202
98
116
611
610
68
250
71
274
618
617
23
331
258
217
70
665
69
564
566
565
599
598
597
591
590
589
555
554
553
542
541
540
115
353
351
349
302
301
300
364
362
360
358
356
354
352
350
348
345
342
339
336
268
54
600
592
567
556
548
543
535
334
322
319
316
313
355
299
183
27
569
602
601
594
593
568
561
558
557
550
549
545
544
537
536
340
337
38
114
359
357
570
603
595
562
559
551
546
538
298
297
343
141
127
147
133
361
563
571
604
596
588
560
552
547
539
296
346
102
100
99
363
257
295
153
151
150
149
148
144
143
142
139
137
136
135
134
130
129
128
152
146
145
138
132
131
269
332
24
256
105
37
140
28
50
318
315
312
621
666
36
321
264
614
51
307
255
607
35
635
113
606
623
654
96
180
179
178
238
125
223
157
106
181
175
208
60
254
53
164
161
158
155
173
210
267
177
172
306
110
237
91
87
83
95
232
534
273
474
438
402
366
253
221
219
249
309
308
272
271
270
252
248
247
246
236
231
168
167
109
94
93
90
89
86
85
82
81
65
64
63
62
624
655
176
171
160
636
214
206
213
207
163
61
294
101
209
526
524
522
520
518
513
511
509
52
572
104
103
112
652
34
215
67
211
174
216
205
527
525
523
521
519
514
512
510
633
107
651
317
314
311
154
212
508
506
504
502
500
498
496
494
472
470
468
466
464
462
460
458
436
434
432
430
428
426
424
422
400
398
396
394
392
390
388
386
456
454
452
450
448
420
418
416
414
412
384
382
380
378
376
492
490
488
486
484
647
646
645
644
643
642
641
640
605
622
653
49
634
320
473
401
365
182
108
656
533
437
111
222
33
46
483
447
411
375
657
333
507
505
497
495
493
491
489
487
485
471
469
461
459
457
455
453
451
449
435
433
425
423
421
419
417
415
413
399
397
389
387
385
383
381
379
377
503
501
499
467
465
463
431
429
427
395
393
391
251
293
650
66
48
347
344
341
338
335
184
573
289
292
291
266
265
290
169
47
310
664
649
663
662
661
660
659
658
