181
182
180
455
179
450
449
448
454
453
452
451
447
177
173
172
171
169
170
168
167
166
184
644
642
640
638
636
154
153
456
608
606
604
602
600
572
570
568
566
564
536
534
532
530
528
712
711
710
709
708
704
703
702
701
700
699
698
697
696
695
691
690
689
688
687
756
748
740
820
707
706
705
694
693
692
755
754
753
752
751
750
749
747
746
745
744
743
742
741
723
720
719
714
713
515
513
511
509
507
499
496
493
490
487
718
717
505
503
501
791
790
634
633
632
631
630
629
628
627
821
485
474
471
468
465
722
721
716
715
480
684
683
669
668
667
598
597
596
595
594
562
561
560
559
558
526
525
524
523
522
482
484
483
737
733
732
731
727
726
725
738
736
735
734
729
728
730
682
681
680
593
592
591
557
556
555
521
520
519
479
475
476
739
175
249
189
188
186
359
292
187
194
191
190
192
178
185
195
427
196
193
426
368
164
428
220
223
222
221
425
183
162
161
160
159
158
157
156
155
278
337
429
227
362
361
276
478
226
344
163
430
207
804
338
197
225
341
342
339
340
477
247
174
165
431
345
208
206
176
432
204
439
407
346
321
433
660
658
656
654
652
650
648
646
624
622
620
618
616
614
612
610
588
586
584
582
580
578
576
574
552
550
548
546
544
542
540
538
438
205
799
798
797
796
795
794
793
792
211
379
229
408
434
437
224
230
435
436
380
243
239
235
409
406
679
677
675
673
671
666
664
662
789
401
410
210
275
381
228
209
273
411
274
391
343
272
414
412
413
768
761
231
481
352
351
392
262
386
270
389
347
788
818
353
769
762
802
269
271
415
254
328
323
350
393
267
268
354
349
348
767
760
248
473
470
467
464
266
770
763
358
445
819
251
817
446
394
355
363
377
626
590
554
518
265
783
782
781
780
779
778
777
322
264
263
420
384
458
774
771
764
472
469
466
463
805
385
757
808
356
369
686
364
758
357
256
255
396
772
765
775
776
218
365
497
494
491
488
816
360
806
504
502
500
419
212
773
803
510
508
506
219
807
512
784
326
334
333
332
331
330
514
402
252
766
366
405
759
678
676
674
672
670
665
663
661
659
657
655
653
651
649
647
645
643
641
639
637
635
623
621
619
617
615
613
611
609
607
605
603
601
599
587
585
583
581
579
577
575
573
571
569
567
565
563
551
549
547
545
543
541
539
537
535
533
531
529
527
787
516
329
324
259
258
253
367
250
376
305
304
303
302
301
300
298
297
296
295
294
293
257
203
200
378
327
462
418
417
397
199
277
317
314
311
308
198
299
416
291
290
289
288
287
286
284
283
282
281
280
279
625
589
553
517
785
316
313
310
307
285
336
786
390
815
814
813
812
811
810
809
685
444
443
325
801
442
441
202
800
724
498
495
492
489
486
461
460
459
424
423
422
421
404
403
400
399
398
388
387
383
382
320
319
318
315
312
309
306
261
260
246
245
244
242
241
240
238
237
236
234
233
232
217
216
215
214
213
201
373
371
375
374
395
372
370
440
457
335

