297
298
296
302
301
300
299
295
29
30
28
27
303
97
140
126
105
96
102
587
304
267
164
101
216
124
161
266
211
210
155
104
21
19
20
17
59
18
244
103
15
14
16
45
98
67
169
518
520
522
526
509
265
263
511
58
158
656
513
305
125
100
239
264
57
56
60
327
43
668
548
535
550
537
551
538
552
539
55
556
543
557
544
669
553
540
554
541
519
521
555
542
523
549
536
527
510
209
42
268
512
558
545
485
449
413
377
486
182
559
546
639
363
361
359
357
355
560
547
54
326
450
414
378
514
353
351
349
600
604
325
347
344
341
338
335
25
597
598
599
601
602
603
484
488
490
492
588
596
41
44
274
53
561
448
412
376
589
562
590
452
416
380
454
418
382
456
420
384
591
592
593
594
567
595
568
275
571
565
566
52
638
40
563
564
287
569
573
570
170
276
577
576
586
584
583
582
578
585
581
580
579
575
574
35
482
481
480
479
478
477
476
475
79
328
330
39
532
531
517
516
515
446
445
444
443
442
410
409
408
407
406
374
373
372
371
370
333
322
319
316
313
277
242
323
530
529
528
441
440
439
405
404
403
369
368
367
187
332
331
240
188
186
38
37
189
278
192
190
11
193
194
36
106
32
2
1
279
255
256
107
637
241
625
195
286
324
200
204
196
280
197
201
249
254
199
243
329
281
191
306
643
642
647
646
645
644
641
640
224
285
226
282
110
283
284
234
504
468
432
396
123
69
34
70
503
467
431
395
294
233
71
68
78
217
33
24
75
74
176
171
73
72
257
609
112
77
652
122
611
225
76
113
111
258
229
610
23
114
616
121
99
207
185
228
115
608
259
626
120
202
617
116
118
117
222
633
636
184
119
273
260
26
148
203
615
134
250
227
618
253
221
219
261
666
474
438
402
366
612
220
218
619
238
223
508
472
436
400
262
12
613
232
667
506
470
434
398
620
494
458
422
386
496
460
424
388
498
462
426
390
500
464
428
392
502
466
430
394
321
318
315
312
627
525
473
437
401
365
654
665
183
146
237
655
31
10
9
8
7
6
5
4
3
22
13
132
606
206
628
534
624
198
623
48
653
629
66
607
95
630
91
87
83
631
650
173
293
664
622
533
320
317
314
311
632
213
345
342
339
336
214
605
352
350
348
212
358
356
354
621
634
180
178
360
174
362
310
177
172
364
614
635
660
662
659
663
661
657
658
165
162
159
156
649
147
153
133
47
139
51
288
46
50
152
648
572
346
343
340
337
334
309
308
307
272
271
270
269
252
251
248
247
246
236
235
231
230
168
167
166
163
160
157
154
109
108
94
93
92
90
89
88
86
85
84
82
81
80
65
64
63
62
61
49
145
205
138
149
142
131
141
135
128
127
151
144
150
143
137
130
136
129
245
507
471
435
399
505
469
433
397
524
483
447
411
375
501
465
429
393
499
463
427
391
497
461
425
389
495
459
423
387
493
457
421
385
491
455
419
383
489
453
417
381
487
451
415
379
292
651
215
208
175
181
179
291
290
289
