648
572
346
343
340
337
334
309
308
307
272
271
270
269
252
251
248
247
246
236
235
231
230
168
167
166
163
160
157
154
109
108
94
93
92
90
89
88
86
85
84
82
81
80
65
64
63
62
61
49
147
133
145
131
152
138
153
139
141
127
142
128
149
135
146
132
148
134
107
106
170
143
129
150
136
144
130
151
137
66
53
60
52
237
54
55
165
56
57
303
225
604
597
598
601
599
602
603
30
29
333
322
319
316
313
217
332
331
28
600
27
58
588
644
645
643
647
646
642
641
640
561
592
596
562
589
593
590
567
591
594
568
595
565
566
162
571
563
564
67
569
570
263
363
361
359
357
355
110
353
351
349
347
344
341
338
335
669
668
482
481
480
479
478
477
476
475
532
531
517
516
515
446
445
444
443
442
410
409
408
407
406
374
373
372
371
370
639
530
529
528
441
440
439
405
404
403
369
368
367
548
535
59
295
296
298
297
536
549
486
537
550
299
302
301
300
551
538
552
539
450
414
378
226
329
556
543
557
544
553
540
554
541
555
542
323
558
545
262
559
546
484
327
488
490
492
560
547
448
412
376
452
416
380
454
418
382
456
420
384
169
581
580
579
575
574
585
583
582
586
584
577
576
578
224
191
573
103
330
328
264
39
38
40
41
104
638
42
156
45
242
43
101
37
265
36
220
218
223
221
219
637
188
186
187
18
189
222
164
261
326
277
278
190
279
276
280
281
14
282
325
275
238
283
15
161
192
16
193
667
284
274
656
194
44
199
285
19
200
21
48
324
195
17
665
232
20
286
260
241
34
240
97
105
288
126
201
140
196
24
202
587
184
155
96
203
102
159
304
35
249
287
197
652
289
266
259
255
98
664
33
666
254
256
291
243
100
305
258
183
204
660
659
658
661
662
657
663
239
290
158
257
233
292
267
651
649
534
618
533
617
619
336
234
339
615
650
620
342
616
25
78
345
655
121
119
120
26
216
118
348
124
244
122
117
123
518
520
522
526
77
509
116
511
350
210
76
115
75
513
614
293
352
74
176
171
211
114
73
99
354
654
113
72
253
71
653
112
356
485
449
413
377
70
125
23
208
69
229
358
227
209
273
636
111
228
610
608
182
68
609
250
360
519
521
523
527
611
510
294
512
503
467
431
395
268
514
612
181
179
214
206
613
213
212
362
175
79
364
245
634
624
504
468
432
396
207
623
621
474
438
402
366
473
437
401
365
11
606
306
507
471
435
399
625
622
505
469
433
397
633
607
177
172
605
501
465
429
393
499
463
427
391
497
461
425
389
495
459
423
387
493
457
421
385
491
455
419
383
483
447
411
375
489
453
417
381
487
451
415
379
524
320
317
314
311
215
185
173
180
178
198
174
508
472
436
400
506
470
434
398
525
494
458
422
386
496
460
424
388
498
462
426
390
500
464
428
392
502
466
430
394
321
318
315
312
310
626
91
87
83
635
95
205
632
627
32
628
2
1
12
629
630
631
47
51
50
46
31
22
13
10
9
8
7
6
5
4
3
