29
30
28
303
27
298
297
296
302
301
300
299
295
25
21
20
19
17
18
16
15
14
32
492
490
488
486
484
2
1
304
456
454
452
450
448
420
418
416
414
412
384
382
380
378
376
560
559
558
557
556
552
551
550
549
548
547
546
545
544
543
539
538
537
536
535
604
596
588
668
555
554
553
542
541
540
603
602
601
600
599
598
597
595
594
593
592
591
590
589
571
568
567
562
561
363
361
359
357
355
347
344
341
338
335
566
565
353
351
349
639
638
482
481
480
479
478
477
476
475
669
333
322
319
316
313
570
569
564
563
328
532
531
517
516
515
446
445
444
443
442
410
409
408
407
406
374
373
372
371
370
330
332
331
585
581
580
579
575
574
573
586
584
583
582
577
576
578
530
529
528
441
440
439
405
404
403
369
368
367
327
323
324
587
23
97
37
36
34
207
140
35
42
39
38
40
26
33
43
275
44
41
274
216
12
276
68
71
70
69
273
31
10
9
8
7
6
5
4
3
126
185
277
75
210
209
124
326
74
192
11
278
55
652
186
45
73
189
190
187
188
325
95
22
13
279
193
56
54
24
280
52
287
255
194
169
281
508
506
504
502
500
498
496
494
472
470
468
466
464
462
460
458
436
434
432
430
428
426
424
422
400
398
396
394
392
390
388
386
286
53
647
646
645
644
643
642
641
640
59
227
77
256
282
285
72
78
283
284
228
91
87
83
257
254
527
525
523
521
519
514
512
510
637
249
258
58
123
229
76
57
121
259
122
239
191
120
262
260
261
616
609
79
329
200
199
240
110
234
118
237
195
636
666
201
617
610
650
117
119
263
102
176
171
198
241
115
116
202
197
196
615
608
96
321
318
315
312
114
618
611
206
293
667
99
665
294
242
203
211
225
474
438
402
366
113
631
630
629
628
627
626
625
170
112
111
268
232
306
622
619
612
320
317
314
311
653
233
605
656
204
217
534
212
606
205
104
103
244
620
613
623
624
66
213
345
342
339
336
664
208
654
352
350
348
267
60
621
651
358
356
354
67
655
360
632
174
182
181
180
179
178
362
250
100
614
214
253
607
526
524
522
520
518
513
511
509
507
505
503
501
499
497
495
493
491
489
487
485
483
471
469
467
465
463
461
459
457
455
453
451
449
447
435
433
431
429
427
425
423
421
419
417
415
413
411
399
397
395
393
391
389
387
385
383
381
379
377
375
635
364
177
172
107
106
101
215
98
224
153
152
151
150
149
148
146
145
144
143
142
141
105
51
48
226
175
310
266
265
245
47
125
165
162
159
156
46
147
264
139
138
137
136
135
134
132
131
130
129
128
127
473
437
401
365
633
164
161
158
155
133
184
634
238
663
662
661
660
659
658
657
533
292
291
173
649
290
289
50
648
572
346
343
340
337
334
309
308
307
272
271
270
269
252
251
248
247
246
236
235
231
230
168
167
166
163
160
157
154
109
108
94
93
92
90
89
88
86
85
84
82
81
80
65
64
63
62
61
49
221
219
223
222
243
220
218
288
305
183
