298
297
296
299
295
302
301
300
29
30
28
303
27
305
98
21
20
19
18
17
304
16
15
14
604
596
588
560
559
558
557
556
552
551
550
549
548
547
546
545
544
543
539
538
537
536
535
603
602
601
600
595
594
593
592
571
568
567
562
561
599
598
597
591
590
589
668
327
555
554
553
542
541
540
566
565
669
570
569
563
564
326
363
361
359
357
355
486
25
325
353
351
349
639
450
414
378
484
488
490
492
347
344
341
338
335
448
412
376
452
416
380
454
418
382
456
420
384
274
275
638
573
276
586
584
583
582
578
577
576
585
581
580
579
575
574
482
481
480
479
478
477
476
475
328
330
333
322
319
316
313
532
531
517
516
515
446
445
444
443
442
410
409
408
407
406
374
373
372
371
370
323
277
530
529
528
441
440
439
405
404
403
369
368
367
332
331
188
187
189
256
186
278
190
192
32
2
1
193
255
637
194
279
36
324
37
200
99
38
201
195
249
39
329
280
240
53
640
641
647
646
645
644
642
643
196
40
220
218
34
54
254
217
52
197
140
55
199
223
170
42
281
652
234
41
221
219
68
97
587
69
43
204
126
35
70
226
233
191
57
282
71
59
56
58
125
244
33
67
45
60
283
263
239
106
264
241
243
107
242
102
610
24
100
284
112
257
611
166
73
72
103
101
113
74
105
285
224
44
75
163
114
96
104
265
215
258
169
115
182
286
111
23
167
208
225
294
288
656
259
164
287
124
609
116
616
110
181
179
268
160
210
266
202
117
229
260
108
518
520
522
526
118
509
651
617
216
184
511
26
168
203
11
267
76
222
608
524
120
207
483
447
411
375
161
615
77
261
667
487
451
415
379
513
176
171
352
350
119
121
253
489
453
417
381
346
343
340
337
334
358
356
354
491
455
419
383
519
521
523
360
527
78
510
618
122
512
493
457
421
385
228
362
514
123
495
459
423
387
364
109
612
273
497
461
425
389
209
262
227
474
438
402
366
499
463
427
391
504
468
432
396
238
625
619
501
465
429
393
12
345
342
339
336
613
306
348
211
636
633
634
508
472
436
400
506
470
434
398
494
458
422
386
496
460
424
388
498
462
426
390
500
464
428
392
502
466
430
394
232
154
620
79
185
525
155
473
437
401
365
183
237
31
10
9
8
7
6
5
4
3
22
13
157
485
449
413
377
665
198
626
141
654
534
127
666
206
48
653
293
158
627
95
91
87
83
628
66
629
630
631
148
142
149
655
143
134
150
128
135
144
129
664
650
151
623
321
318
315
312
136
289
606
212
505
469
433
397
145
177
172
130
624
622
152
137
320
317
314
311
213
131
146
214
205
503
467
431
395
175
138
533
290
132
250
605
507
471
435
399
174
180
178
621
230
632
291
607
614
231
310
153
635
245
292
269
657
658
659
663
662
660
661
139
147
165
162
159
156
133
649
270
173
47
51
251
246
247
248
271
252
572
46
50
61
62
63
64
65
648
272
309
308
307
236
235
94
93
92
90
89
88
86
85
84
82
81
80
49
