450
449
448
454
453
452
451
447
181
182
180
455
179
457
250
173
172
171
478
170
477
177
169
644
642
640
638
636
608
606
604
602
600
572
570
568
566
564
536
534
532
530
528
168
167
166
756
748
740
790
712
711
710
709
708
704
703
702
701
700
699
698
697
696
695
691
690
689
688
687
755
754
753
752
751
750
749
747
746
745
744
743
742
741
723
720
719
714
713
791
725
426
738
736
735
734
730
729
728
737
733
732
731
727
726
456
821
707
706
705
694
693
692
427
718
717
820
634
633
632
631
630
629
628
627
479
480
482
722
721
716
715
515
513
511
509
507
499
496
493
490
487
684
683
669
668
667
598
597
596
595
594
562
561
560
559
558
526
525
524
523
522
485
474
471
468
465
475
505
503
501
682
681
680
593
592
591
557
556
555
521
520
519
484
483
428
429
184
154
153
789
338
339
476
340
430
341
481
401
799
798
797
796
795
794
793
792
342
344
431
345
220
346
221
186
222
432
406
407
187
347
223
348
433
188
349
185
408
189
395
176
434
190
264
409
343
225
191
265
224
435
226
351
192
266
352
410
227
263
175
267
436
353
204
394
194
193
411
205
768
761
437
251
195
206
268
804
354
391
392
336
412
178
769
762
269
207
393
196
373
371
438
767
760
375
374
355
270
359
405
413
770
763
228
372
370
440
439
425
328
323
272
229
208
376
356
626
590
554
518
271
390
369
273
209
164
230
739
771
764
163
414
211
197
274
381
210
788
275
379
380
249
660
658
656
654
652
650
648
646
624
622
620
618
616
614
612
610
588
586
584
582
580
578
576
574
552
550
548
546
544
542
540
538
292
277
785
786
772
765
377
679
677
675
673
671
666
664
662
337
386
322
321
625
589
553
517
335
389
183
162
161
160
159
158
157
156
155
174
165
384
361
231
219
262
378
362
415
276
458
278
350
446
385
686
805
200
247
806
358
243
239
235
218
783
782
781
780
779
778
777
396
420
445
818
819
817
807
816
802
364
256
255
808
360
774
473
470
467
464
472
469
466
463
775
357
758
776
365
803
497
494
491
488
685
366
368
504
502
500
419
757
510
508
506
326
333
332
331
330
773
512
212
248
784
514
367
252
766
678
676
674
672
670
665
663
661
659
657
655
653
651
649
647
645
643
641
639
637
635
623
621
619
617
615
613
611
609
607
605
603
601
599
587
585
583
581
579
577
575
573
571
569
567
565
563
551
549
547
545
543
541
539
537
535
533
531
529
527
462
759
516
329
324
327
787
402
305
304
303
302
301
300
298
297
296
295
294
293
259
258
253
815
814
813
812
811
810
809
334
418
417
416
363
254
317
314
311
308
291
290
289
288
287
286
284
283
282
281
280
279
299
397
801
316
313
310
307
285
199
257
203
442
441
444
443
325
198
202
800
724
498
495
492
489
486
461
460
459
424
423
422
421
404
403
400
399
398
388
387
383
382
320
319
318
315
312
309
306
261
260
246
245
244
242
241
240
238
237
236
234
233
232
217
216
215
214
213
201

