51
50
46
31
22
13
10
9
8
7
6
5
4
3
47
631
630
629
12
2
1
628
32
627
632
205
95
635
91
87
83
626
310
321
318
315
312
502
466
430
394
500
464
428
392
498
462
426
390
496
460
424
388
494
458
422
386
525
506
470
434
398
508
472
436
400
174
198
180
178
173
185
215
320
317
314
311
524
487
451
415
379
489
453
417
381
483
447
411
375
491
455
419
383
493
457
421
385
495
459
423
387
497
461
425
389
499
463
427
391
501
465
429
393
605
177
172
607
633
505
469
433
397
622
625
507
471
435
399
306
606
11
473
437
401
365
474
438
402
366
621
623
207
504
468
432
396
624
634
245
364
79
175
362
212
213
613
206
214
181
179
612
514
268
503
467
431
395
512
294
510
611
527
523
521
519
360
250
609
68
182
608
610
228
111
636
273
209
227
358
229
69
208
23
125
70
485
449
413
377
356
112
653
71
253
72
113
654
354
99
73
114
211
176
171
74
352
293
614
513
75
115
76
210
350
511
116
509
77
526
522
520
518
123
117
122
244
124
348
118
216
26
120
119
121
655
345
78
25
616
342
620
650
615
339
234
336
619
617
533
618
534
649
651
267
292
233
257
158
290
239
663
657
662
661
658
659
660
204
183
258
305
100
243
291
256
254
666
33
664
98
255
259
266
289
652
197
287
249
35
304
159
102
203
96
155
184
587
202
24
196
140
201
126
288
105
97
240
34
241
260
286
20
232
665
17
195
324
48
21
200
19
285
199
44
194
656
274
284
667
193
16
192
161
15
283
238
275
325
282
14
281
280
276
279
190
278
277
326
261
164
222
189
18
187
186
188
637
221
219
223
220
218
36
265
37
101
43
242
45
156
42
638
104
41
40
38
39
264
328
330
103
573
191
224
578
577
576
586
584
583
582
585
575
574
581
580
579
169
456
420
384
454
418
382
452
416
380
448
412
376
560
547
492
490
488
327
484
559
546
262
558
545
323
555
542
554
541
553
540
557
544
556
543
329
226
450
414
378
552
539
551
538
302
301
300
299
550
537
486
549
536
297
298
296
295
59
548
535
530
529
528
441
440
439
405
404
403
369
368
367
639
532
531
517
516
515
446
445
444
443
442
410
409
408
407
406
374
373
372
371
370
482
481
480
479
478
477
476
475
668
669
347
344
341
338
335
353
351
349
110
363
361
359
357
355
263
570
569
67
564
563
571
162
566
565
595
568
594
591
567
590
593
589
562
596
592
561
640
641
642
647
646
643
645
644
588
58
27
600
28
332
331
217
333
322
319
316
313
29
30
603
602
599
601
598
597
604
225
303
57
56
165
55
54
237
52
60
53
66
151
137
144
130
150
136
143
129
170
106
107
148
134
146
132
149
135
142
128
141
127
153
139
152
138
145
131
147
133
648
572
346
343
340
337
334
309
308
307
272
271
270
269
252
251
248
247
246
236
235
231
230
168
167
166
163
160
157
154
109
108
94
93
92
90
89
88
86
85
84
82
81
80
65
64
63
62
61
49
