97
105
126
140
96
102
587
164
267
304
101
161
216
124
266
211
210
155
104
244
59
103
518
520
522
526
265
509
158
45
511
169
67
656
263
513
58
264
100
125
60
17
239
57
19
21
20
18
15
14
16
485
449
413
377
56
182
268
519
521
523
527
510
209
512
43
514
55
42
170
54
79
106
44
287
107
41
53
625
11
52
240
98
40
242
503
467
431
395
306
110
226
204
327
241
286
39
668
234
504
468
432
396
294
233
224
123
548
535
38
201
35
550
537
285
551
538
200
37
552
539
669
553
540
554
541
555
542
556
543
557
544
199
353
351
349
549
536
363
361
359
357
355
148
134
256
78
284
217
36
250
626
176
171
558
545
191
347
344
341
338
335
122
225
283
197
639
255
559
546
196
77
560
547
243
185
195
282
194
229
193
192
600
281
228
611
190
121
76
280
146
132
189
666
652
188
279
321
318
315
312
597
598
599
601
602
603
254
604
636
187
278
633
609
450
414
378
486
277
173
667
207
120
276
186
75
607
627
275
610
606
274
563
561
589
562
588
564
590
565
591
592
624
566
593
665
119
227
608
594
567
595
568
569
74
655
596
232
570
654
623
273
118
571
99
628
73
508
472
436
400
222
616
632
617
629
117
206
302
301
300
612
299
613
203
506
470
434
398
297
298
650
630
72
202
296
26
295
618
525
631
66
249
619
494
458
422
386
496
460
424
388
498
462
426
390
500
464
428
392
177
172
502
466
430
394
649
303
620
621
448
412
376
484
116
452
416
380
488
454
418
382
490
456
420
384
492
25
660
643
662
642
262
198
261
659
585
581
580
579
577
576
575
574
352
350
664
663
653
648
647
646
645
644
635
622
615
605
586
584
583
582
578
572
534
533
532
531
530
529
528
517
516
515
482
481
480
479
478
477
476
475
474
473
446
445
444
443
442
441
440
439
438
437
410
409
408
407
406
405
404
403
402
401
374
373
372
371
370
369
368
367
366
365
358
356
354
348
346
345
343
342
340
339
337
336
334
333
332
331
330
328
326
324
322
320
319
317
316
314
313
311
309
308
307
272
271
270
269
260
252
251
248
247
246
237
236
235
231
230
184
183
180
178
168
167
166
165
163
162
160
159
157
156
154
109
108
95
94
93
92
91
90
89
88
87
86
85
84
83
82
81
80
65
64
63
62
61
51
50
49
48
47
46
32
31
30
29
28
27
24
23
22
13
12
10
9
8
7
6
5
4
3
2
1
641
638
362
360
323
661
364
259
329
238
657
258
257
640
658
147
133
325
637
310
111
305
214
614
293
174
573
253
71
153
139
213
115
220
218
112
70
114
212
69
33
221
219
113
34
152
138
145
131
223
149
135
142
128
141
127
151
137
144
130
150
136
143
129
245
205
68
634
507
471
435
399
505
469
433
397
524
483
447
411
375
501
465
429
393
499
463
427
391
497
461
425
389
495
459
423
387
493
457
421
385
491
455
419
383
489
453
417
381
487
451
415
379
288
292
215
651
291
175
290
208
181
179
289
