25
668
1
5
21
20
19
18
17
15
16
14
4
303
441
440
439
446
445
444
443
442
369
368
367
374
373
372
371
370
405
404
403
410
409
408
407
406
482
481
480
479
478
477
476
475
530
529
528
532
531
517
516
515
669
587
639
197
637
638
2
196
324
329
330
328
226
326
327
323
325
126
195
242
194
193
288
185
166
192
580
579
578
577
582
583
576
585
584
586
581
575
574
287
3
234
191
187
190
189
188
243
286
241
26
186
240
79
285
233
239
78
77
11
284
632
631
630
629
628
625
627
626
225
45
170
123
283
224
122
124
263
282
121
76
44
120
281
305
43
262
218
228
75
229
280
56
74
42
227
119
59
261
220
73
304
279
118
58
244
198
97
260
117
57
41
278
204
613
612
609
620
619
616
40
259
201
200
608
615
98
277
55
667
275
276
199
39
116
72
274
203
202
258
115
230
102
100
99
648
114
54
665
611
610
618
617
217
71
257
38
268
256
363
295
361
563
571
604
596
588
560
552
547
539
296
346
359
357
570
603
595
562
559
551
546
538
298
297
343
569
602
601
594
593
568
561
558
557
550
549
545
544
537
536
340
337
355
299
600
592
567
556
548
543
535
334
353
351
349
302
301
300
564
566
565
599
598
597
591
590
589
555
554
553
542
541
540
70
235
37
250
69
106
147
133
152
146
145
138
132
131
153
151
150
149
148
144
143
142
139
137
136
135
134
130
129
128
141
127
36
113
255
264
68
666
254
60
621
614
53
245
165
162
159
156
28
22
13
332
24
183
31
10
9
8
7
6
27
12
23
331
32
30
29
92
88
84
80
35
269
101
636
104
103
321
318
315
312
112
52
210
61
107
206
207
34
213
214
508
506
504
502
500
498
496
494
472
470
468
466
464
462
460
458
436
434
432
430
428
426
424
422
400
398
396
394
392
390
388
386
456
454
452
450
448
420
418
416
414
412
384
382
380
378
376
492
490
488
486
484
527
525
523
521
519
514
512
510
209
624
655
606
623
654
634
111
607
205
364
362
360
358
356
354
352
350
348
345
342
339
336
176
171
294
322
319
316
313
651
173
177
172
33
108
633
652
222
181
175
212
572
208
105
140
50
503
501
499
467
465
463
431
429
427
395
393
391
507
505
497
495
493
491
489
487
485
471
469
461
459
457
455
453
451
449
435
433
425
423
421
419
417
415
413
399
397
389
387
385
383
381
379
377
483
447
411
375
526
524
522
520
518
513
511
509
306
320
317
314
311
657
656
333
211
533
437
174
473
401
365
154
216
160
182
215
605
622
653
67
163
307
51
635
96
180
179
178
647
646
645
644
643
642
641
640
238
125
223
157
46
289
164
161
158
155
251
49
267
292
291
266
265
290
110
47
237
293
649
310
91
87
83
663
662
661
660
659
658
95
650
664
232
169
66
48
347
344
341
338
335
184
534
573
273
474
438
402
366
253
221
219
249
309
308
272
271
270
252
248
247
246
236
231
168
167
109
94
93
90
89
86
85
82
81
65
64
63
62
