264
170
106
60
126
166
140
234
305
233
107
102
244
226
304
217
105
97
163
100
101
99
587
218
220
240
265
167
263
204
201
67
96
182
215
103
223
17
18
19
20
21
14
15
16
59
58
57
55
256
54
125
160
164
200
652
53
104
219
221
108
668
56
327
45
266
168
52
179
181
208
43
656
42
295
296
297
298
299
334
337
340
343
346
355
357
359
361
363
535
536
537
538
539
543
544
545
546
547
548
549
550
551
552
556
557
558
559
560
561
562
563
567
568
569
570
571
588
592
593
594
595
596
600
601
602
603
604
300
301
302
349
351
353
540
541
542
553
554
555
564
565
566
589
590
591
597
598
599
41
518
520
522
526
509
161
40
39
511
109
669
98
38
199
524
375
411
447
483
37
651
268
216
379
415
451
487
513
294
267
169
381
417
453
489
36
383
419
455
491
385
421
457
493
255
241
239
335
338
341
344
347
356
358
360
362
364
350
352
354
387
423
459
495
124
154
611
389
425
461
497
110
391
427
463
499
211
224
225
393
429
465
501
210
610
667
157
155
336
339
342
345
348
197
196
195
194
193
192
191
190
639
242
189
44
188
625
158
288
287
286
285
284
283
282
281
280
229
279
377
413
449
485
127
141
278
277
276
187
289
209
275
519
521
523
527
510
134
148
254
128
142
512
135
149
11
514
129
143
186
306
136
150
274
290
230
130
144
137
151
378
414
450
486
34
231
228
131
145
138
152
172
177
123
122
397
433
469
505
291
121
665
232
120
119
269
132
146
79
118
78
77
76
117
35
175
75
626
227
171
176
396
432
468
504
116
292
74
395
431
467
503
250
270
73
115
33
613
612
609
72
399
435
471
507
666
114
243
202
203
293
257
258
259
260
261
262
245
251
246
71
173
222
333
207
247
606
623
654
627
113
616
248
271
633
312
315
318
321
634
252
25
624
655
313
316
319
322
185
249
608
70
617
214
572
628
303
607
139
153
206
253
112
573
629
133
147
213
400
436
472
508
618
630
631
376
412
448
484
174
525
632
398
434
470
506
619
380
416
452
488
382
418
454
490
384
420
456
492
61
386
422
458
494
62
63
388
424
460
496
64
65
390
426
462
498
66
636
392
428
464
500
394
430
466
502
648
26
649
272
620
650
657
614
640
658
621
111
641
659
198
1
2
3
4
5
6
7
8
9
10
12
13
22
23
24
27
28
29
30
31
32
46
47
48
49
50
51
80
81
82
83
84
85
86
87
88
89
90
91
92
93
94
95
156
159
162
165
178
180
183
184
235
236
237
238
307
308
309
310
311
314
317
320
323
324
325
326
328
329
330
331
332
365
366
367
368
369
370
371
372
373
374
401
402
403
404
405
406
407
408
409
410
437
438
439
440
441
442
443
444
445
446
473
474
475
476
477
478
479
480
481
482
515
516
517
528
529
530
531
532
533
534
574
575
576
577
578
579
580
581
582
583
584
585
586
605
615
622
635
637
638
644
645
646
647
653
662
663
664
642
660
643
661
212
273
69
205
68
