298
29
305
98
21
20
19
326
18
325
25
492
490
488
486
484
456
454
452
450
448
420
418
416
414
412
384
382
380
378
376
16
15
14
604
638
560
559
558
557
556
552
551
550
549
548
547
546
545
544
543
539
538
537
536
535
603
602
601
600
599
598
597
595
594
593
592
591
590
589
571
568
567
562
561
274
586
584
583
582
578
577
576
585
581
580
579
575
574
304
669
555
554
553
542
541
540
275
566
565
668
482
481
480
479
478
477
476
475
327
328
330
570
569
564
563
361
359
357
355
347
344
341
338
335
532
531
517
516
515
446
445
444
443
442
410
409
408
407
406
374
373
372
371
370
333
322
319
316
313
323
353
351
349
530
529
528
441
440
439
405
404
403
369
368
367
332
331
276
32
2
1
637
186
324
188
278
189
329
249
647
646
645
644
643
642
641
640
190
279
193
68
194
69
34
70
280
254
35
195
71
196
281
36
197
33
256
37
243
24
282
38
112
257
191
73
39
113
72
283
74
199
40
114
200
258
75
111
23
115
284
201
52
242
42
41
259
53
616
609
285
99
43
54
116
652
202
239
184
260
26
617
610
117
55
241
44
221
286
615
608
223
203
118
207
253
261
618
611
76
220
288
287
273
176
171
120
77
56
224
204
474
438
402
366
119
238
217
121
57
12
78
587
619
612
11
262
59
45
122
229
58
636
123
227
97
508
506
504
502
500
498
496
494
472
470
468
466
464
462
460
458
436
434
432
430
428
426
424
422
400
398
396
394
392
390
388
386
140
125
633
620
613
225
527
525
523
521
519
514
512
510
185
234
170
473
437
401
365
183
237
31
10
9
8
7
6
5
4
3
22
13
232
209
79
67
110
226
210
263
124
306
126
198
294
233
534
653
48
95
654
206
91
87
83
66
631
630
629
628
627
626
625
244
268
293
666
655
664
650
212
104
103
656
208
622
321
318
315
312
320
317
314
311
623
205
606
624
213
651
345
342
339
336
533
214
216
352
350
348
267
605
358
356
354
174
181
179
621
360
60
96
632
362
215
100
614
526
524
522
520
518
513
511
509
507
505
503
501
499
497
495
493
491
489
487
485
483
471
469
467
465
463
461
459
457
455
453
451
449
447
435
433
431
429
427
425
423
421
419
417
415
413
411
399
397
395
393
391
389
387
385
383
381
379
377
375
310
607
364
177
172
175
635
250
153
107
101
663
662
661
660
659
658
657
182
266
265
264
211
102
165
162
159
156
139
147
245
649
164
161
158
155
133
47
105
51
290
289
292
291
173
46
50
648
572
346
343
340
337
334
309
308
307
272
271
270
269
252
251
248
247
246
236
235
231
230
168
167
166
163
160
157
154
109
108
94
93
92
90
89
88
86
85
84
82
81
80
65
64
63
62
61
49
297
296
302
301
300
299
295
30
28
303
27
17
596
588
639
573
363
277
187
192
255
240
219
222
218
228
634
169
667
665
180
178
152
151
150
149
148
146
145
144
143
142
141
106
138
137
136
135
134
132
131
130
129
128
127
