126
140
105
97
102
96
587
164
267
304
101
161
216
124
266
211
210
155
104
244
59
103
265
518
520
522
526
509
45
67
511
169
263
158
656
513
58
264
100
60
125
17
57
19
21
20
239
18
15
14
16
182
56
268
485
449
413
377
43
55
519
521
523
527
209
510
170
512
106
54
107
514
42
53
41
240
44
52
287
79
226
234
98
204
40
625
233
327
668
11
242
110
39
241
201
294
200
548
535
217
306
38
286
550
537
224
503
467
431
395
551
538
552
539
553
540
554
541
555
542
256
556
543
37
557
544
353
351
349
549
536
363
361
359
357
355
199
504
468
432
396
123
558
545
36
285
559
546
560
547
347
344
341
338
335
652
35
600
255
166
99
225
305
284
191
597
598
599
601
602
163
603
604
148
134
197
669
639
196
611
167
195
283
220
218
563
561
589
562
588
564
590
194
565
591
592
78
566
593
594
567
595
568
193
569
596
570
192
160
282
571
626
250
108
176
171
190
229
122
189
168
281
302
301
300
299
297
298
296
295
667
223
221
219
280
346
343
340
337
334
188
610
77
279
109
278
243
228
187
185
277
254
121
352
350
358
356
354
362
360
364
276
154
146
132
76
275
450
414
378
186
486
666
157
120
321
318
315
312
274
348
345
342
339
336
609
75
633
636
173
207
665
119
627
232
227
607
74
606
118
624
608
655
654
623
73
230
117
273
628
231
177
172
222
616
612
269
613
508
472
436
400
141
127
72
203
617
202
632
116
629
206
270
630
506
470
434
398
249
262
261
260
259
258
257
650
251
246
618
26
333
525
247
631
142
128
66
248
271
25
149
135
252
322
319
316
313
619
303
293
34
494
458
422
386
496
460
424
388
498
462
426
390
572
500
464
428
392
502
466
430
394
649
448
412
376
484
620
147
133
621
452
416
380
488
454
418
382
490
456
420
384
492
71
115
61
62
63
64
65
145
131
648
660
272
214
662
643
657
642
198
659
641
585
581
580
579
577
576
575
574
664
663
653
647
646
645
644
635
622
615
605
586
584
583
582
578
534
533
532
531
530
529
528
517
516
515
482
481
480
479
478
477
476
475
474
473
446
445
444
443
442
441
440
439
438
437
410
409
408
407
406
405
404
403
402
401
374
373
372
371
370
369
368
367
366
365
332
331
330
328
326
324
320
317
314
311
309
308
307
237
236
235
184
183
180
178
165
162
159
156
95
94
93
92
91
90
89
88
87
86
85
84
83
82
81
80
51
50
49
48
47
46
32
31
30
29
28
27
24
23
22
13
12
10
9
8
7
6
5
4
3
2
1
638
323
329
238
640
658
661
325
637
310
111
152
138
614
253
573
153
139
174
213
215
114
143
129
33
150
136
144
130
524
151
137
70
112
483
447
411
375
113
212
69
487
451
415
379
489
453
417
381
491
455
419
383
493
457
421
385
495
459
423
387
497
461
425
389
499
463
427
391
501
465
429
393
245
205
68
651
634
208
181
179
507
471
435
399
288
505
469
433
397
292
291
290
289
175
