6721
5417
5400
5389
5670
5958
5600
5499
5509
5479
5480
11435
11443
5388
5492
5504
5560
5472
5486
5515
5397
11429
11431
11439
11456
11371
11379
11437
11445
11447
11385
11422
5673
5488
5549
11423
5522
10242
11655
5428
11427
11375
11381
6495
11425
6627
5524
7428
6059
11433
5536
5519
5410
12479
7895
6650
11614
11615
11616
11617
11618
11619
11620
11621
11580
11369
11441
11650
11569
10897
10898
10899
10900
10902
11241
11242
11243
11244
11245
11246
11247
11248
6523
11646
11548
11558
11566
10276
10277
10278
11555
5535
6556
11535
10350
7933
7935
7947
7877
7880
5559
6515
11257
11258
11259
11260
11261
11262
11263
11264
5734
6501
6503
5556
5544
6505
11209
11210
11211
11212
11213
11214
11215
11216
11225
11226
11227
11228
11229
11230
11231
11232
5727
10692
5990
5553
5720
5547
