7899
5599
5670
5400
5409
5500
5600
5510
11435
11443
6040
5481
5493
5505
5479
5480
5388
11423
11429
11431
11439
11456
5472
5486
11371
11379
11437
11385
5673
11422
5515
5488
11427
11375
11445
11447
11381
5561
5549
5397
5523
11543
6627
5435
11425
6495
5428
5519
5410
5524
11589
11433
11569
10897
10898
10899
10900
5537
11580
11441
11369
7428
11614
11615
11616
11617
11618
11619
11620
7879
11621
11359
6523
11572
10277
10278
10276
11548
5535
6556
6827
6833
7880
6838
6848
5559
6515
11566
5734
5556
6480
11555
6501
6503
5544
10350
11558
11837
6332
11311
6505
7895
5727
10692
5990
5553
5720
5547
