6501
6503
5388
5389
6505
5410
5417
5400
6495
6523
5536
5524
5535
5527
5419
5544
5435
5553
5560
11319
5428
5458
5492
5600
5465
5479
5486
5499
5504
5519
5673
5559
6515
5734
5556
5480
5727
11423
11425
11427
11435
11451
11375
11429
11431
11433
11439
11441
11443
11456
11458
5738
5510
5515
5522
5549
11371
5720
5547
11379
11381
11437
11445
11447
11449
11460
11377
7430
5488
11385
11422
11548
6556
7877
7880
11369
11373
11455
7428
5958
11558
11535
11555
11569
11566
10276
10277
10278
10350
6059
11580
6650
6721
7895
11646
10692
5990
11650
12479
11600
11601
11602
11614
11615
11619
11620
11621
10761
10762
10763
10764
10765
10766
10767
10768
11257
11258
11259
11260
11261
11262
11263
11264
11209
11210
11211
11212
11213
11214
11215
11216
11225
11226
11227
11228
11229
11230
11231
