7821
6163
7822
7814
6285
6248
6423
6422
6419
6417
6415
6413
6410
6408
6406
6404
6402
6400
6399
6397
6395
6394
6372
6368
6367
6362
6357
6352
6348
6345
6214
6207
6200
6196
6187
6181
6170
6165
6158
6155
6421
6420
6412
6409
6405
6401
6398
6396
6205
6198
6189
6164
6159
6176
6173
6172
6168
6162
6157
6153
6195
6186
6180
6177
6218
6212
6169
6166
6160
6152
6151
6150
6329
6314
6311
6425
6424
6418
6416
6414
6411
6407
6403
6221
6216
6209
6174
6171
6236
6233
6229
6227
6225
6223
6219
6215
6213
6208
6201
6197
6191
6188
6182
6178
6339
6326
6322
6318
6315
6312
6308
6305
6302
6298
6293
6291
6289
6287
6194
6185
6179
6175
6167
6161
6156
6154
6252
6232
6231
6228
6226
6224
6220
6211
6206
6204
6203
6199
6193
6192
6190
6184
6183
6340
6338
6337
6336
6335
6334
6333
6331
6330
6328
6327
6325
6324
6323
6320
6319
6316
6309
6306
6303
6300
6297
6296
6295
6294
6292
6290
6288
6286
6272
6255
6254
6250
6245
6238
6237
6234
6230
6222
6217
6210
6202
6148
6147
6146
6144
6143
6142
6140
6138
6136
6133
6321
6317
6313
6310
6307
6304
6301
6299
6141
6139
6137
6134
6130
6128
6127
6126
6271
6261
6259
6257
6253
6251
6249
6247
6246
6244
6243
6240
6235
6131
7815
7810
6145
6118
4656
4655
6116
6109
6105
6104
6062
4890
4889
4886
4884
4880
4876
4873
4871
4869
4867
4865
4863
4860
4858
4856
4855
4773
4769
4768
4767
4764
4760
4759
4757
4750
4746
4745
4679
4678
4673
4672
4669
4643
4630
4629
4616
4615
6117
6113
6112
6111
6108
6107
6106
6088
6067
6065
4888
4887
4875
4872
4868
4864
4859
4857
4763
4758
4751
4742
4735
4671
4670
4653
4651
4646
4635
4634
4633
4626
4625
4624
4623
4614
4613
6115
6114
6110
6099
6094
6091
6082
6069
6068
6066
4892
4891
4885
4881
4877
4874
4870
4866
4772
4752
4747
4741
4734
4696
4695
4654
4652
4641
4638
4637
4636
4618
4617
6101
6096
6085
6080
6070
4738
4642
4632
4631
4606
4605
6276
6275
6274
6273
6270
6269
6268
6267
6263
6262
6260
6258
6256
6242
6241
6239
6095
6086
6083
4650
4649
4628
4627
4604
4603
6926
6889
7811
7806
6103
6896
6890
6884
6878
6872
6895
6883
6877
6871
6905
6901
7802
6897
6891
6885
6879
6909
6873
6906
6902
6874
6910
6886
6880
7911
6898
6892
7697
6818
6816
6814
6097
6092
6089
4699
4698
4648
4647
4620
4619
6803
6811
6808
6805
6802
6799
6800
6870
6869
6868
6867
6866
6865
6798
6797
6770
6859
6854
6849
6844
6839
6834
6829
6823
7807
7782
6060
6861
6860
6856
6855
6851
6850
6846
6845
6841
6840
6836
6835
6831
6830
6825
6824
7803
7778
6059
5722
7912
6862
6857
6852
6847
6842
6837
6832
6826
6786
7698
5892
6795
6793
6791
6789
6784
6782
6780
6778
7947
7935
7934
7933
7932
7919
7918
7917
7818
6924
6923
6922
6921
6920
6822
6821
6820
6439
6438
6437
6436
6435
6393
6392
6391
5966
5940
5937
5931
5924
5919
5915
5912
7695
7694
7691
7685
7679
5983
5982
5981
4092
4091
4090
4089
4088
4087
4086
4085
4084
4083
3997
3996
3959
3958
3957
3956
3951
3950
3947
3946
3799
3798
3762
3761
3750
3749
3748
3747
3746
3745
7693
7692
7690
7689
7688
7687
7686
7684
5977
5948
5939
5936
5934
4082
4081
4080
4079
4078
4077
4076
4075
4074
4073
4072
4071
4070
4069
4068
4067
3955
3954
3953
3952
3949
3948
3945
3944
3943
3942
3941
3940
3939
3938
3937
3936
3764
3763
3760
3759
3758
3757
3756
3755
3752
3751
3744
3743
3742
3741
3740
3739
6796
6794
6792
6790
6785
6783
6781
6779
5979
5978
5974
5972
5970
5933
5928
5926
5921
5917
6893
7783
7763
6040
6887
6881
6899
6875
7779
7759
6039
5732
7767
6042
4342
4341
4215
4214
6967
6966
6965
6964
6963
6929
6928
6927
7951
7950
7949
7948
7946
7945
7931
7930
6627
7929
7928
7927
7926
7916
7915
7914
7913
6819
6817
6815
6813
6812
6810
6809
6807
6806
6804
6801
5751
2722
2718
2713
2710
2704
2698
2697
2537
2375
2374
5729
5703
2731
2730
2729
2301
2300
2288
2287
5705
5704
2749
2719
2716
2715
2683
2319
2318
2299
2298
5716
5706
2714
2712
2711
2705
2699
2687
2684
2678
2669
2664
2329
2328
2317
2316
7764
6863
6858
6853
6848
6843
6838
6833
6827
7738
6011
7760
7734
6008
6911
6908
6907
6904
6903
6900
6894
6888
6882
6876
7944
7943
7942
7941
7940
7939
7938
7937
6628
3132
3131
2863
2862
7768
7742
5986
6525
2251
2250
2027
2026
5687
2524
2523
2369
2368
6516
7739
7671
5958
5946
7735
7680
5968
7743
7675
5961
7482
3120
3119
2795
2794
7507
3130
3129
2861
2860
7381
5537
5893
3203
7672
7527
5858
5602
7681
7547
5909
5672
5644
5623
5614
5611
5682
5679
5660
5655
5652
5637
5634
5626
5471
5460
7676
7543
5854
5686
5669
5666
5663
5647
5485
5481
5478
5467
5464
5675
5496
5493
5488
5474
7865
7863
1919
1918
1917
1916
1674
1673
1672
1671
5520
5505
5500
7898
7373
7418
5834
7528
7414
5830
7544
7422
5835
7548
7431
5816
7924
4918
4917
4845
4844
5523
5516
5510
6538
6534
6506
6542
6536
5852
6540
7368
7419
7423
7342
5724
7346
5726
7415
7356
5795
5529
5526
7432
7352
5699
5532
5850
6738
4502
4501
4447
4446
4290
7286
6537
7921
4914
4913
4854
4853
6541
6539
6543
6535
5813
3983
3982
3981
3980
3975
3974
3971
3970
3834
3833
3820
3818
3225
3224
3223
3222
3207
3206
3200
3199
3196
3195
3190
3189
2812
2752
7894
6523
7510
7380
5524
5536
7343
7347
7382
2522
2521
2357
2356
7182
5533
7194
5534
5904
6524
7436
3112
3111
2744
2743
7477
7900
4326
4325
4221
4220
7357
7250
5599
6558
7889
6433
5173
5172
5163
5162
5087
5086
7886
6556
5819
2789
7771
7922
7920
4920
4919
4916
4915
4850
4849
4848
4847
44
43
40
39
7353
6975
6974
6973
6972
6971
6970
6969
6968
7514
7246
5527
5427
6453
6452
6451
6450
6449
6448
6446
6445
6616
2774
2773
2772
2770
2768
2762
2751
2748
6429
6428
6386
6385
6384
6427
6426
6387
7501
7899
4308
4307
4219
4218
4208
4207
7773
7475
7511
5697
7183
7195
7306
7061
5408
7065
5409
7394
5535
7897
3858
3857
3767
3733
3732
7406
5677
5670
5664
5658
5650
5642
5632
5621
5613
5609
5601
5600
5494
5492
5483
5476
5469
5462
5458
5738
7888
7466
3110
3109
2766
2765
7500
7891
5684
5681
5680
5673
5671
5667
5661
5654
5653
5645
5643
5636
5635
5625
5624
5622
5612
5610
5519
5504
5499
5486
5479
5472
5465
6444
6443
6442
6441
6440
6432
6431
6430
6614
2771
2769
2767
2761
2759
2750
2745
2732
7772
5735
2520
2519
2388
2387
6332
4945
4944
7503
6617
3090
3089
2701
2700
6514
6515
5449
7910
7909
4785
4784
4715
4714
4645
4644
4602
4601
4562
4561
4452
4356
4355
5685
5678
5668
5662
5659
5651
5646
5633
5522
5515
5509
5480
5470
5466
5459
7251
5755
7487
6122
4924
4923
4883
4882
4744
4743
5528
5525
7085
5417
7842
7846
7509
3108
3107
2738
2737
7147
5862
3817
3281
6388
6341
6266
6132
6079
6056
6031
5993
5954
5870
7247
5447
5845
6980
6979
6978
6977
6976
5264
5263
5262
5261
5254
5253
5252
5251
5250
5249
5248
5247
5246
5245
5244
5243
5242
5241
5233
5232
5231
5230
5229
5228
5227
5226
5225
5224
5223
5222
5218
5217
5214
5210
5209
5206
5205
5198
5197
5196
5195
5192
5191
5190
5187
5186
5185
5184
5183
5182
6983
6982
6981
5270
5269
5268
5267
5266
5265
5260
5259
5258
5257
5256
5255
5239
5238
5237
5236
5235
5234
5221
5220
5219
5213
5212
5211
5204
5203
5202
5201
5200
5199
7077
5531
5400
6773
5844
5741
6461
6460
6459
6458
6457
6456
6455
6454
6490
7396
5734
5441
5412
1915
1914
1623
1622
6496
4496
4495
4388
4387
4273
4272
4066
4065
3836
3368
2890
2889
2888
2887
2306
2305
2165
2164
1700
1699
1297
1296
1216
1215
968
967
6662
3872
3871
3775
3774
5843
7504
5693
7407
7062
5419
6483
7893
5746
6480
7428
5676
7005
5388
5544
5841
7563
7273
6992
6991
6990
6989
6988
6987
6986
6985
5324
5323
5322
5321
5320
5317
5316
5315
5314
5313
5312
5311
5310
5309
5308
5307
5306
5305
5304
5303
5302
5301
5300
5299
5298
5297
5296
5295
5294
5293
5292
5291
5290
5289
5288
5286
5284
5283
5282
5281
5280
5279
5278
5277
5276
5275
5274
5273
5683
7430
5551
2229
2228
2000
1999
6064
4809
4808
4756
4755
4600
4599
7401
5808
5782
5728
2518
2517
2367
2366
5760
5774
6492
5881
5794
7066
7298
5674
5665
5487
5484
5477
5473
5463
5800
6135
4932
4931
4908
4907
4793
4792
6034
4594
4593
4464
4463
4239
4238
7508
5804
5848
7009
5389
7820
4928
4927
4896
4895
7265
7840
7839
7836
7835
7832
7831
7828
7827
5502
5710
6030
4588
4587
4458
4457
4233
4232
6057
5740
6661
5171
5170
5159
5158
5021
5020
4979
4978
4937
4846
4729
4728
4727
4726
4608
4607
4364
4363
4133
4132
3932
3931
3773
3772
6488
6487
6486
6485
6484
6482
6481
6479
5482
7873
7838
7834
7830
7826
5826
3619
3618
3305
3304
2801
2800
7002
5370
5365
5364
5363
5362
5361
6721
5562
2227
2226
1998
1997
6125
6072
6054
6027
6019
5963
5902
7266
6016
4110
4109
3995
3994
6014
4108
4107
3991
3990
6013
4106
4105
3979
3978
7598
5842
6029
4586
4585
4456
4455
4231
4230
6012
4104
4103
3989
3988
5863
5859
6998
6997
6995
6994
6993
5354
5353
5352
5351
5344
5343
5342
5341
5340
5339
5338
5337
5336
5335
5334
5333
5332
5331
5330
5329
7001
7000
6999
5360
5359
5358
5357
5356
5355
5350
5349
5348
5347
5346
5345
7384
5825
5855
5727
5962
3874
3873
3771
3770
5840
5787
5778
5769
5761
5708
5860
5410
7850
5815
7872
2253
2252
2125
2124
2015
2014
6491
6996
7003
5374
5373
5372
5371
5369
5368
5367
5366
5721
2516
2515
2355
2354
5820
7242
7234
7226
7210
6473
6472
6471
6470
6469
6466
6465
6463
5837
3116
3115
2841
2840
7202
6504
5839
4227
4226
341
347
4302
4301
4172
4171
4037
4036
3700
3699
3397
2906
2473
2472
2471
2470
1991
1990
1713
1712
1149
1148
682
681
4494
4493
4374
4373
4254
4253
4058
4057
3825
3326
2856
2855
2854
2853
2499
2498
2113
2112
1683
1682
1180
1179
210
209
5418
5561
262
5489
663
179
178
7895
453
6025
4512
4511
4420
4419
4188
4187
348
7190
5426
1301
1300
1299
1298
1291
1290
1063
1062
1029
1028
1022
1021
753
752
672
283
282
6505
203
2898
2894
2893
2892
2891
2886
2885
2880
2879
2878
2875
2874
2873
2872
2871
2866
2865
2864
2859
2858
2857
2852
2851
2850
2845
2844
2540
2482
2453
2451
2450
2449
2446
2445
2444
2443
2438
2437
2434
2432
2429
2425
2421
2418
2291
2003
1718
1177
644
6051
5818
5436
5432
6731
4344
4343
4217
4216
5424
1039
745
744
306
305
188
187
5475
5434
1348
827
826
755
754
371
295
294
7402
5752
2496
2491
2431
2427
2423
2420
2417
2413
2411
2406
2405
2400
2308
2280
2277
5429
5517
5453
5444
5443
5438
5513
5442
5439
5437
5433
5431
5430
5422
7866
1931
1930
1571
1570
6713
4102
4101
4015
4014
4131
3895
3698
3697
3696
3695
3158
3157
2877
2876
2535
2433
2283
1945
1944
1614
1613
991
259
7459
7442
7086
288
287
286
285
2156
2147
2146
2139
2138
2137
2128
2127
2126
2119
2118
2107
1721
1720
1711
1710
1704
1703
970
969
325
7468
6053
6026
7881
7878
307
7435
7429
7848
7847
7844
7843
6760
5836
3114
3113
2836
2835
757
756
379
378
4703
4702
4612
4611
4472
4471
4294
4293
4030
3824
3334
3333
3332
3331
2709
2708
2464
2463
2106
2105
1927
1926
1730
1729
1603
1602
987
336
5838
6503
6501
5423
7017
5390
7438
7294
6665
3868
3867
3779
3778
5990
6478
6477
6476
6475
6474
6468
6467
6464
7078
7841
7837
7833
7829
7883
7299
7476
5720
5405
5402
1911
1910
1654
1653
6664
3866
3865
3781
3780
6755
6666
7013
5382
7393
7446
7568
6650
7244
7236
5397
7228
7613
7212
5399
6643
3627
3626
3231
3230
7063
7365
7204
7420
7769
5907
7770
7879
5559
5949
6644
7421
5803
5798
5790
5783
7561
7449
7007
7192
6500
6498
7067
5420
6641
3625
3624
3229
3228
7553
5882
3607
3606
3233
3232
7751
7746
6771
5824
5712
6640
7448
7456
7159
6777
7890
1532
1005
273
131
130
1269
1268
1212
949
948
388
154
153
7460
1271
1270
1155
961
960
384
152
151
7443
1275
1274
1146
825
824
337
150
149
7458
7469
6119
6740
6767
4959
4958
4941
4940
4852
4851
4807
4806
7378
7441
6639
3623
3622
3215
3214
7852
7851
1279
1278
1118
845
844
383
146
145
4261
4259
4256
4255
4252
4013
4012
4011
3963
3961
3845
3844
3840
3839
3729
3728
3727
3726
3725
3724
3605
3604
3603
3602
3601
3600
3599
3598
3597
3596
3589
3588
3587
3586
3585
3584
3583
3582
3581
3580
3579
3578
3571
3570
3569
3568
3567
3566
3565
3564
3563
3562
3561
3560
3553
3552
3551
3550
3549
3548
3547
3546
3545
3544
3543
3542
3541
3540
3539
3538
3531
3530
3529
3528
3527
3526
3525
3524
3523
3522
3521
3520
3519
3518
3517
3516
3515
3514
3513
3512
3505
3504
3503
3502
3501
3500
3499
3498
3497
3496
3495
3494
3493
3492
3491
3490
3489
3488
3487
3486
3479
3478
3477
3476
3475
3474
3473
3472
3465
3464
3463
3462
3461
3460
3459
3458
3457
3456
3455
3454
3453
3452
3451
3450
3449
3448
3445
3444
3443
3442
3437
3436
3435
3434
3429
3428
3427
3426
3423
3422
3421
3420
3419
3418
3417
3416
3415
3414
3411
3410
3402
3401
3396
3395
3394
3393
3390
3389
3387
3386
3385
3384
3383
3382
3380
3379
3378
3377
3376
3375
3374
3373
3370
3369
3365
3364
3345
3344
3340
3339
3338
3337
3336
3335
3330
3329
3328
3327
3321
3320
3319
3318
3317
3316
3314
3313
3312
3311
3309
3308
3307
3306
3299
3298
3192
3191
3186
3185
3180
3179
3176
3175
3172
3171
3170
3169
3168
3167
3166
3165
3164
3163
3162
3161
3150
3149
3144
3143
3142
3141
3140
3139
3138
3137
3136
3135
2689
2688
2686
2685
2682
2681
2680
2679
2671
2670
2334
2332
2330
2326
2322
2109
2108
2100
2099
2095
2094
2092
2091
1961
1960
1717
1716
1640
1639
1637
1636
1633
1632
1631
1630
1094
1086
1083
1077
817
550
549
530
529
510
509
486
485
134
133
4274
4269
4266
4008
4007
4006
3722
3721
3720
3719
3718
3717
3595
3594
3593
3592
3591
3590
3577
3576
3575
3574
3573
3572
3559
3558
3557
3556
3555
3554
3537
3536
3535
3534
3533
3532
3511
3510
3509
3508
3507
3506
3485
3484
3483
3482
3481
3480
3471
3470
3469
3468
3467
3466
3447
3446
3441
3440
3439
3438
3433
3432
3431
3430
3425
3424
3413
3412
3409
3408
3407
3406
3404
3403
3400
3399
3392
3391
3355
3354
3351
3350
3349
3348
3347
3346
3343
3342
3303
3302
3209
3208
3202
3201
3198
3197
3194
3193
3188
3187
3182
3181
2696
2695
2693
2692
2691
2690
2339
2338
2337
2141
2140
2130
2129
2121
2120
1659
1658
1652
1651
1647
1646
1120
1113
1103
595
594
583
582
570
569
7467
7439
7289
7868
1929
1928
1607
1606
1263
1262
1110
887
886
327
143
142
7452
6681
6674
6669
5847
7064
7296
6677
4225
4224
724
163
84
7039
6552
6769
7437
6642
6648
7366
1265
1264
1099
903
902
617
141
140
6052
4596
4595
4402
4401
4161
4160
7464
1937
1936
1935
1934
1669
1668
1618
1617
1127
1117
1109
1089
1082
1081
1075
1070
958
957
765
764
619
618
340
320
319
6622
3106
3105
2758
2757
7880
7877
5695
7403
5920
6699
326
7614
7127
7383
7445
5538
2495
2435
2430
2426
2422
2419
2416
2414
2409
2408
2404
2309
2282
2279
2276
2088
2087
7849
7845
7559
7371
1277
1276
1128
833
832
328
148
147
5888
3629
3628
3211
3210
7447
6559
5849
6656
7551
7611
1881
1880
1855
1854
1829
1828
1803
1802
1382
1381
1363
1362
1346
1345
1336
1335
790
606
7720
7719
7716
7715
7728
7727
7724
7723
6621
3104
3103
2764
2763
7364
1183
1158
1157
1156
1147
1135
1129
1111
1092
1091
1076
795
785
620
7774
7454
5428
7858
1612
1611
1885
1884
1859
1858
1833
1832
1807
1806
1427
1426
1403
1402
1373
1372
1354
1353
1205
782
364
7376
1267
1266
1090
913
912
613
139
138
7869
1661
1660
1655
7450
942
323
1887
1886
1861
1860
1835
1834
1809
1808
1444
1443
1421
1420
1397
1396
1367
1366
1199
986
377
5853
7068
5733
7462
7379
5812
1889
1888
1863
1862
1837
1836
1811
1810
1459
1458
1440
1439
1417
1416
1393
1392
1193
983
376
6625
3102
3101
2736
2735
7860
1939
1938
1620
1619
5563
7612
6718
7369
5556
7362
7853
5240
1891
1890
1865
1864
1839
1838
1813
1812
1510
1509
1493
1492
1470
1469
1453
1452
1126
975
375
7374
6123
4926
4925
4894
4893
4754
4753
6121
4922
4921
4879
4878
4740
4739
5688
7867
1923
1922
1609
1608
5823
3617
3616
3301
3300
2791
2790
7726
7722
7718
7714
7360
5403
7395
5851
3160
3159
5736
7006
5557
2231
2230
1993
1992
1893
1892
1867
1866
1841
1840
1815
1814
1519
1518
1505
1504
1488
1487
1465
1464
1116
974
324
7461
7444
7470
7131
725
167
85
7307
6555
7440
7173
7155
5421
7256
7263
5435
2436
2054
4223
4222
2389
2384
2383
2382
2379
2378
2377
2376
2373
2372
2371
2370
2365
2364
2363
2360
2349
2346
2345
2343
2213
2212
2205
2204
2203
2202
2201
2200
2199
2198
2085
2081
2080
2079
2077
2076
2075
2074
2072
2071
2070
2069
2067
2066
2065
2061
2051
2049
2048
2047
1987
1986
1985
1984
1981
1980
1975
1974
1965
1964
1784
1765
1605
1604
1601
1600
1599
1598
1597
1596
1591
1590
1589
1588
1587
1586
1585
1584
1581
1580
1579
1578
1577
1576
1575
1574
1569
1568
1567
1566
1565
1564
1559
1558
1547
1546
1543
1542
1541
1540
1539
1538
1316
1311
1302
1229
1224
1222
1219
1218
1217
1214
1210
1209
1204
1198
1112
1102
1093
1071
1057
1056
1053
1042
1041
1038
1037
1036
1035
1033
1032
1031
1030
963
962
959
956
951
943
936
928
905
876
848
838
816
811
810
808
803
797
792
791
788
784
783
781
780
778
599
598
587
586
572
571
532
531
488
487
382
381
373
372
370
369
362
361
353
352
291
289
284
280
277
274
272
271
267
266
265
264
261
260
253
252
245
244
237
236
228
227
220
219
218
211
201
195
194
192
191
190
189
186
185
184
183
180
176
169
166
165
162
158
2361
2359
2358
2353
2352
2348
2211
2210
2209
2208
2207
2206
2062
2060
2059
2056
2055
2050
1983
1982
1979
1978
1971
1970
1790
1776
1752
1561
1560
1557
1556
1555
1554
1551
1550
1549
1548
1545
1544
1228
1227
1226
1225
1223
1050
1049
1048
1047
1044
1043
966
965
964
921
890
864
828
822
815
809
804
798
779
554
553
514
513
461
460
396
395
391
390
387
386
308
303
296
254
247
246
239
238
229
212
206
205
202
200
193
174
172
170
5401
1895
1894
1869
1868
1843
1842
1817
1816
1524
1523
1514
1513
1500
1499
1483
1482
1108
973
355
7137
6004
4312
4311
4159
4158
3927
6744
4568
4567
4372
4371
5960
649
648
7882
7219
7136
7254
120
6743
5725
4701
4700
4610
4609
4470
4469
4292
4291
4029
3822
3325
3324
3323
3322
2834
2833
2497
2492
2490
2489
2488
2455
2454
2412
2410
2407
2403
2302
2281
2278
2097
2096
2086
2084
2078
2073
2068
2042
1994
1921
1920
1726
1725
1689
1635
1634
1626
1593
1592
812
318
7060
4813
4812
4733
4732
4693
4692
4488
4487
4281
4031
3829
3828
3827
3826
3154
3153
2910
2909
2461
2460
2185
2184
1656
1040
7367
5950
4118
4117
4001
4000
3777
3776
6024
7600
7591
1897
1896
1871
1870
1845
1844
1819
1818
1657
1410
1409
1380
1379
1361
1360
1344
1343
693
566
565
103
7245
7237
5392
5391
1537
1536
1535
1534
7229
7213
7205
7753
7752
7748
7747
7193
7925
7011
7896
7696
1281
1280
1261
1260
1257
1256
1253
1252
1249
1248
1241
1240
933
932
925
924
916
915
908
907
894
893
819
818
455
454
12
11
10
9
8
7
6
5
4
3
2
1
1899
1898
1873
1872
1847
1846
1821
1820
1650
1429
1428
1405
1404
1375
1374
1356
1355
694
546
545
102
7243
7235
7227
7211
7203
7297
7274
7220
7191
6003
4310
4309
4157
4156
3924
5549
7601
7592
7257
5521
5518
5514
5508
5503
5498
5495
5491
7269
7729
7725
7721
7717
7135
332
7218
1027
298
7636
7624
6120
6063
4912
4911
4862
4861
4831
4830
4749
4748
4737
4736
4640
4639
6548
7599
7590
7148
6497
7644
7632
7271
7295
4298
4297
4163
4162
4033
4032
3843
3842
3381
2897
2459
2458
2457
2456
2161
2160
1702
1701
1131
1130
674
673
408
7308
5414
1941
1940
1629
1628
7111
7652
7640
363
616
55
54
5383
6494
4300
4299
4166
4165
4035
4034
3693
3692
3388
2901
2468
2467
2466
2465
2046
2045
1706
1705
1137
1136
759
758
678
677
182
181
7660
7648
5547
7589
6342
5017
5016
4991
4990
4947
4946
7864
1925
1924
1563
1562
6264
4967
4966
4951
4950
4900
4899
6124
4934
4933
4904
4903
4789
4788
6071
4843
4842
4795
4794
4675
4674
6061
4723
4722
4598
4597
4480
4479
6048
4584
4583
4358
4357
4289
4288
2215
2214
2197
2196
2195
2194
2193
2192
2191
2190
1996
1995
1977
1976
1969
1968
1967
1966
1963
1962
1775
1741
1740
1320
1310
952
935
889
850
849
609
608
585
584
512
511
433
432
431
430
7562
6047
4582
4581
4354
4353
4287
4286
6768
6531
2245
2244
2013
2012
7668
7656
6046
4580
4579
4352
4351
4285
4284
6657
3852
3851
3737
3736
6495
1060
1059
7177
7149
7637
7625
5560
5553
976
161
160
7008
7664
7524
7645
7633
7884
6045
4578
4577
4490
4489
4283
4282
5737
7554
5876
5874
5873
5869
5906
89
88
5903
354
7653
7641
6549
2534
2533
2386
2385
5900
1295
1294
1293
1292
1233
1232
1055
1054
1052
1051
920
919
57
56
7635
7623
5898
7661
7649
7536
7520
7643
7631
7255
4306
4305
4180
4179
4042
4041
3705
3704
3405
2913
2481
2480
2479
2478
1943
1942
1723
1722
1164
1163
688
687
5540
5396
5394
7669
7657
7651
7639
5896
7457
7112
7560
7629
7621
5814
6044
4576
4575
4486
4485
4280
4279
7540
7532
7665
7525
7221
6390
5013
5012
4987
4986
7138
7659
7647
2098
1681
1010
275
7351
2303
7101
6550
6727
4713
4712
4664
4663
4414
4413
4151
4150
5944
5807
5805
5801
5796
7537
7521
7776
7775
7667
7655
7825
6742
6729
7627
7619
7552
7453
7794
5895
7541
7533
7663
7523
6638
7350
6787
6774
6753
7175
7157
6745
6739
6720
7132
6683
5739
5548
5411
7804
1058
217
7805
7780
771
111
7781
7761
770
110
7754
7749
7762
7736
6678
769
109
7737
7682
768
118
7683
7535
7519
7549
777
117
7550
7433
6546
7602
7593
3667
3666
3641
3640
3248
3247
3238
3237
7434
7455
7354
7465
776
116
7268
6675
7355
5806
5802
5797
5789
7248
7539
7531
775
115
5959
3870
3869
3785
3784
612
7892
7285
6447
5180
5179
5177
5176
5161
5160
6434
5175
5174
5165
5164
5089
5088
6389
5157
5156
5091
5090
4989
4988
6343
5015
5014
4993
4992
4949
4948
6265
4965
4964
4953
4952
4902
4901
6129
4930
4929
4906
4905
4791
4790
6077
4833
4832
4797
4796
4677
4676
6055
4717
4716
4681
4680
4451
4450
6028
4564
4563
4454
4453
4229
4228
5404
5991
4328
4327
4245
4244
3999
3998
7451
7887
6765
4815
4814
4781
4780
6020
4340
4339
4130
4129
4056
4055
5657
5598
6043
4574
4573
4484
4483
4278
4277
5576
5590
5620
5381
7267
7079
7249
7372
6018
4338
4337
4128
4127
4050
4049
5631
6673
6623
2779
774
114
5894
5387
5386
5385
1167
5989
4324
4323
4241
4240
3993
3992
5641
1883
1882
1857
1856
1831
1830
1805
1804
1638
1408
1407
1378
1377
1359
1358
1342
1341
1211
787
397
5384
5539
5413
5875
5872
5885
5883
5880
5879
5878
5877
5871
5833
6659
3846
3841
3838
3837
3804
3802
3801
3800
3716
3706
3703
3694
5868
6017
4336
4335
4126
4125
4046
4045
5546
5690
7463
5905
6613
3080
3079
2677
2676
6588
3082
3081
2618
2617
6566
3084
3083
2566
2565
6751
4445
4442
4441
6580
3088
3087
2598
2597
7557
6600
3074
3073
2644
2643
5901
7377
5998
7617
6605
3076
3075
2654
2653
7605
7272
5379
7015
5691
2321
2320
7609
6962
6925
6828
6788
6775
6754
6746
6732
6712
6663
7587
6685
5899
7823
1649
1648
748
92
7816
7824
7812
7817
7808
7813
7784
7809
7765
7785
7740
7766
7741
7673
7674
7529
7530
7416
7787
7358
7417
7494
6684
6609
3078
3077
2663
2662
7791
7427
506
7370
7252
7359
7799
5799
5791
5784
5775
5607
5594
5585
5577
7638
7626
3691
3690
3665
3664
3280
3279
3272
3271
7490
5793
5786
5777
5768
6679
7756
5788
5779
5770
5762
7087
5781
5772
5764
5758
7630
7622
3669
3668
3643
3642
3257
3256
3244
3243
7363
5780
5771
5763
5757
5773
5765
5759
5756
5555
5554
6502
6499
5753
5749
5747
5744
773
113
6015
4334
4333
4124
4123
4044
4043
7646
7634
3689
3688
3663
3662
3276
3275
3264
3263
5766
7706
5750
5748
5745
5742
6680
5792
5785
5776
5767
5393
1553
1552
7498
6087
6084
6081
6078
6076
6075
6074
6073
7124
5689
2312
2311
5558
7795
7253
7080
7019
7710
7654
7642
3687
3686
3661
3660
3268
3267
3255
3254
5910
6672
5897
5406
7375
7480
5543
7165
7575
7566
7662
7650
3685
3684
3659
3658
3259
3258
3246
3245
7731
6050
4572
4571
4394
4393
4137
4136
7264
7262
7103
1693
1692
6551
7282
1531
996
122
121
1533
997
124
123
1773
888
504
503
7107
1789
914
542
541
7291
7278
1319
950
605
604
7010
7303
7179
7670
7658
3683
3682
3657
3656
3250
3249
3240
3239
6737
7014
7556
7485
7270
7311
7187
7309
1750
861
451
450
6676
7516
7315
7199
5415
2021
2020
1795
1783
1774
1762
1751
1739
1698
1315
1309
5846
3615
3614
3152
3151
2922
2921
6532
4811
4810
4731
4730
4691
4690
4482
4481
4260
4026
3816
3815
3814
3813
3270
3269
2882
2881
2440
2439
2177
2176
4304
4303
4174
4173
4039
4038
3702
3701
3398
2911
2477
2476
2475
2474
2181
2180
1715
1714
1151
1150
684
683
358
7319
7207
6522
2269
2268
2033
2032
7666
7526
3681
3680
3655
3654
3295
3294
3291
3290
7361
7018
7701
1761
875
479
478
7862
6520
6519
6518
6517
6023
4330
4329
4202
4201
3930
3929
7628
7620
7618
7323
7215
97
7777
7857
2469
2448
2447
2159
2089
1644
1643
1166
5957
5640
5629
5616
5603
5911
7160
1799
1798
1616
1615
7606
5861
7583
7571
6593
6584
6575
6567
3050
3049
3024
3023
2998
2997
2972
2971
2630
2629
2610
2609
2588
2587
2568
2567
5953
7025
7040
7129
7056
6493
7327
7223
7538
7522
3679
3678
3653
3652
3293
3292
3287
3286
772
112
7610
6691
4120
4119
4028
4027
7555
2362
2111
2110
1642
1641
1097
552
551
7473
5951
7035
7125
5506
5455
5454
5450
5448
5445
5440
5468
5461
5457
5456
5451
7052
7390
6724
4116
4115
4010
4009
7713
7093
7089
7081
7073
7031
7027
7021
6511
6510
6509
6508
6507
5964
5908
5891
1528
1527
1522
1517
1512
1511
1508
1503
1496
1495
1494
1491
1486
1475
1474
1473
1472
1471
1468
1461
1460
1457
1456
1455
1454
1449
1448
1445
1442
1441
1438
1437
1436
1431
1430
1425
1422
1419
1418
1415
1414
1411
1406
1401
1398
1395
1394
1383
1376
1371
1368
1357
1347
1338
1337
1330
1329
1326
1325
1324
5967
5889
3860
3859
3711
3710
7026
7088
1691
1690
7588
7702
5952
7331
7231
6719
4114
4113
4003
4002
5754
7048
6632
3621
3620
3227
3226
2793
2792
53
7819
4963
4962
4943
4942
4898
4897
98
7542
7534
3677
3676
3651
3650
3289
3288
3283
3282
7859
7789
7150
7495
7044
6722
4112
4111
4005
4004
5867
6090
6058
6035
6000
5955
5884
7793
7139
7335
7239
7573
7564
7801
6688
3886
3885
3797
3796
7491
6652
7596
7579
6528
2249
2248
2017
2016
5866
6654
3848
3847
3731
3730
1759
1747
1736
1731
873
858
841
829
475
474
445
444
424
423
410
409
5452
5988
4322
4321
4237
4236
3987
3986
7339
7758
5985
6687
3884
3883
3795
3794
7615
7861
7287
7499
7603
7123
6102
4841
4840
4805
4804
4687
4686
1903
1902
1877
1876
1851
1850
1825
1824
1530
1521
1520
1507
1506
1490
1489
1467
1466
696
508
507
100
5857
1213
664
6651
7708
7607
5512
5511
5507
5501
5497
7290
7277
5490
7114
7387
481
6100
4839
4838
4803
4802
4685
4684
802
547
7585
7302
7178
7576
7567
3675
3674
3649
3648
3285
3284
3278
3277
7398
1695
1694
796
415
7492
6098
4837
4836
4801
4800
4683
4682
7385
6527
6526
2261
2260
2255
2254
2083
2082
2011
2010
6671
3882
3881
3789
3788
7310
7186
5380
7616
789
458
7488
7712
6730
6711
4211
3962
7481
6038
4570
4569
4474
4473
4247
4246
7314
7198
310
2090
1677
1001
270
7604
5864
7496
786
457
6093
5743
7582
7570
7318
7206
7608
7786
7478
6010
4350
4349
4276
4275
4021
4020
7790
6682
3880
3879
3791
3790
1206
456
690
7798
7471
7140
7483
7704
3862
3861
3715
3714
1208
686
357
356
6554
7755
7733
7586
7322
7214
7875
2259
2258
2035
2034
1203
671
670
349
7705
7788
7292
7279
6608
6603
6596
6589
3068
3067
3042
3041
3016
3015
2990
2989
2661
2660
2650
2649
2636
2635
2622
2621
7486
6009
4348
4347
4271
4270
4019
4018
6757
4817
4816
4762
4761
1200
399
6033
5809
6032
7410
7128
7304
7180
1197
676
667
666
7709
5865
7792
5731
2514
2513
2351
2350
7493
7161
7312
7188
7169
7151
7143
7581
7569
7730
1697
1696
1207
685
661
660
7800
7326
7222
5719
2424
2392
6686
3878
3877
3793
3792
5987
4320
4319
4235
4234
3985
3984
1901
1900
1875
1874
1849
1848
1823
1822
1447
1446
1424
1423
1400
1399
1370
1369
695
528
527
101
7098
1194
407
7316
7200
6001
6007
4346
4345
4268
4267
4017
4016
7515
7116
7518
6547
5730
5723
2532
2531
2530
2529
2402
2401
2397
2396
5552
1760
1748
1737
1732
874
859
842
830
477
476
447
446
426
425
412
411
1202
680
658
657
5395
7012
7489
7757
761
760
107
106
5992
7113
452
6530
7320
7208
7389
5994
7104
7108
5541
7474
863
862
177
94
93
7397
7288
5810
7330
7230
5856
6513
1188
429
1196
655
654
342
7707
7324
7216
5887
3888
3887
3831
3830
3297
3296
5656
5648
5638
5627
6521
2247
2246
2058
2057
7497
7936
4961
4960
4936
4935
7902
4552
4551
4368
4367
7259
7901
4550
4549
4366
4365
6670
3876
3875
3787
3786
7703
7411
7167
5811
7906
4548
4547
4384
4383
5446
1905
1904
1879
1878
1853
1852
1827
1826
1529
1526
1525
1516
1515
1502
1501
1485
1484
697
483
482
293
292
99
7392
7121
314
7711
1190
669
647
646
309
7595
7578
5649
5639
5628
5615
7328
7224
7574
7565
7171
7153
7145
7162
7506
346
6747
4590
4589
4460
4459
6748
4592
4591
4462
4461
7334
7238
6667
3864
3863
3811
3810
6714
4100
4099
4023
4022
6733
4332
4331
4249
4248
6749
4566
4565
4468
4467
6756
4719
4718
4689
4688
6776
4835
4834
4799
4798
7016
1184
398
6049
4318
4317
4243
4242
6655
3850
3849
3735
3734
6036
6002
5956
5886
4705
4704
4658
4657
4360
4359
4168
4167
3928
3709
3148
3147
3146
3145
2740
2739
2290
2289
2243
2242
1955
1954
1949
1948
1801
1800
1645
1627
1621
1481
1480
1477
1476
1125
204
7405
5827
7388
7258
2093
1909
1908
1678
1323
1322
1170
505
38
37
5715
7479
7185
7345
6544
3613
3612
3219
3218
2724
2723
2295
2294
7197
7344
7349
7425
7184
5832
3639
3638
3372
3371
2843
2842
7546
7678
7745
7744
7677
7545
7424
7348
7505
7196
5817
1000
335
334
333
7594
7577
7426
7120
7732
7142
6529
2257
2256
2029
2028
5596
5587
5579
5573
6462
5582
7332
7232
7261
1201
679
642
641
7923
4707
4706
4622
4621
4477
4476
4122
4121
4040
3835
3361
3360
3359
3358
2900
2899
2486
2485
2143
2142
1764
1763
982
981
343
5630
5617
5604
5591
5530
2267
2266
2031
2030
5619
5606
5593
5584
5608
5595
5586
5578
5597
5588
5580
5574
5702
5589
5581
5575
5572
5571
5569
5567
5565
5570
5568
5566
5564
7110
5618
5605
5592
5583
6649
3631
3630
3236
3235
6761
4819
4818
4771
4770
156
155
7057
7037
5890
7042
7053
7855
7854
1119
821
7049
7069
6037
7856
7041
7045
7095
7094
7091
7090
7083
7082
7075
7074
7033
7032
7029
7028
7023
7022
7338
7172
7154
7146
2239
2238
2233
2232
2225
2224
2019
2018
2005
2004
2002
2001
1709
1685
1684
7164
7058
7036
7054
7106
6618
7050
7908
4556
4555
4390
4389
7046
6022
7071
7874
2237
2236
2044
2043
6006
1178
400
6984
5328
5327
5326
5325
5319
5318
5287
5285
5272
5271
7400
5698
5696
5694
5692
2508
2507
2506
2505
2504
2503
2502
2501
2325
2324
2297
2296
2293
2292
2286
2285
6620
7484
7412
6489
645
563
543
7072
1913
1912
1728
1667
1666
7558
7070
6645
7004
5378
5377
5376
5375
374
6646
5822
5821
7876
2512
2511
2395
2394
689
7176
7158
2241
2240
2235
2234
2023
2022
2007
2006
1719
1686
5707
2223
2222
2221
2220
2219
2218
2217
2216
2009
2008
1989
1988
1973
1972
1957
1956
1766
1753
1742
1724
877
865
851
820
490
489
463
462
435
434
402
401
7404
7047
7020
6736
4721
4720
4668
4667
4444
4443
4186
4185
5713
7051
5700
7118
7096
7092
7084
7076
7034
7030
7024
7055
7038
691
5709
7059
7043
7517
2336
2173
2172
1665
1664
1165
629
628
7134
1907
1906
1308
1307
990
418
417
653
564
7166
7699
4498
4497
4382
4381
4258
4257
4062
4061
3832
3341
2870
2869
2868
2867
2484
2483
2134
2133
1688
1687
1192
1191
164
7700
7904
4546
4545
4378
4377
5718
7336
7240
5831
3637
3636
3367
3366
2838
2837
5425
7099
394
5995
4314
4313
4141
4140
3900
7100
7168
6149
5550
2275
2274
2041
2040
1195
675
636
635
317
5407
7126
7293
7280
5717
6763
4821
4820
4777
4776
7115
7305
7181
6545
5545
2265
2264
2025
2024
6560
2510
2509
2314
2313
7313
7189
7750
5416
7097
159
7117
7797
4500
4499
4466
4465
7584
7572
3671
3670
3645
3644
3266
3265
3253
3252
7341
7317
7201
7870
480
7472
7122
6557
2528
2527
2381
2380
1088
1085
1079
1074
1073
1069
1067
1065
1061
801
96
95
5714
7321
7209
7163
7170
7152
7144
6021
5976
4098
4097
3965
3964
3960
3923
3922
3856
3855
3754
3753
3738
3708
3707
1171
385
702
62
6764
4823
4822
4779
4778
263
7325
7217
7301
7391
5542
2273
2272
2039
2038
7796
416
108
7597
7580
3673
3672
3647
3646
3274
3273
3262
3261
6709
5216
5215
5208
5207
5194
5193
5189
5188
5181
5178
5169
5168
5167
5166
5019
5018
4995
4994
4955
4954
4910
4909
4787
4786
4697
4478
4164
3933
5996
4316
4315
4147
4146
3905
5711
7329
7225
6612
6610
6606
6601
3072
3071
3046
3045
3020
3019
2994
2993
2675
2674
2666
2665
2657
2656
2646
2645
6615
6766
4825
4824
4783
4782
6512
1933
1932
1625
1624
6658
1781
1770
1756
1744
901
883
870
855
524
523
498
497
469
468
439
438
322
7337
7241
7105
6758
4827
4826
4766
4765
7333
7233
6759
6586
6577
6569
6563
3048
3047
3022
3021
2996
2995
2970
2969
2614
2613
2592
2591
2572
2571
2560
2559
6762
4829
4828
4775
4774
6572
3086
3085
2578
2577
7409
6624
6647
6668
6715
6734
6750
7903
4558
4557
4376
4375
1749
1738
1733
1727
860
843
831
823
449
448
428
427
414
413
404
403
6611
6607
6602
6595
3070
3069
3044
3043
3018
3017
2992
2991
2668
2667
2659
2658
2648
2647
2634
2633
1782
904
526
525
5997
6598
6591
6582
6573
3052
3051
3026
3025
3000
2999
2974
2973
2640
2639
2626
2625
2606
2605
2584
2583
6553
6636
6634
6631
6629
3054
3053
3028
3027
3002
3001
2976
2975
2552
2551
2548
2547
2544
2543
2539
2538
1772
1758
1746
1735
885
872
857
840
502
501
473
472
443
442
422
421
7502
3092
3091
2728
2727
6637
6635
6633
6630
3056
3055
3030
3029
3004
3003
2978
2977
2554
2553
2550
2549
2546
2545
2542
2541
331
7174
7156
6579
6571
6565
6562
3058
3057
3032
3031
3006
3005
2980
2979
2596
2595
2576
2575
2564
2563
2556
2555
7413
6587
6578
6570
6564
3060
3059
3034
3033
3008
3007
2982
2981
2616
2615
2594
2593
2574
2573
2562
2561
6752
6741
7340
6594
6585
6576
6568
3062
3061
3036
3035
3010
3009
2984
2983
2632
2631
2612
2611
2590
2589
2570
2569
1771
1757
1745
1734
884
871
856
839
500
499
471
470
441
440
420
419
6626
3118
3117
2778
2777
1780
1769
1755
1743
900
882
869
854
522
521
496
495
467
466
437
436
6599
6592
6583
6574
3064
3063
3038
3037
3012
3011
2986
2985
2642
2641
2628
2627
2608
2607
2586
2585
1788
1779
1768
1754
911
897
879
866
540
539
520
519
494
493
465
464
1794
1787
1778
1767
927
910
896
878
562
561
538
537
518
517
492
491
6604
6597
6590
6581
3066
3065
3040
3039
3014
3013
2988
2987
2652
2651
2638
2637
2624
2623
2604
2603
1793
1786
1777
1306
934
926
909
895
580
579
560
559
536
535
516
515
1046
1045
389
1792
1785
1314
1305
941
931
923
906
593
592
578
577
558
557
534
533
581
1791
1318
1313
1304
947
940
930
922
603
602
591
590
576
575
556
555
7300
5398
1321
1317
1312
1303
953
946
939
929
611
610
601
600
589
588
574
573
6619
380
7133
7408
6653
3854
3853
3783
3782
6735
4694
4475
4265
4264
4263
4262
6561
7386
7275
2271
2270
2037
2036
6041
6864
4957
4956
4939
4938
2912
2333
2169
2168
1663
1662
1154
623
622
1676
1675
281
7513
7905
4560
4559
4380
4379
339
5999
1285
1284
972
971
544
87
86
5701
5941
7512
7260
6716
4094
4093
3919
3918
741
740
199
198
197
196
5945
137
7141
6717
4096
4095
3926
3925
739
738
258
257
256
255
304
1098
1087
1084
1080
1078
1072
1068
1066
1064
1026
1025
1020
1019
1016
1015
1012
1011
1007
1006
1004
1003
807
406
405
7871
631
630
366
365
105
6533
2526
2525
2442
2441
7885
3977
3976
3973
3972
3969
3968
3967
3966
3823
3819
3812
3809
3221
3220
3217
3216
3213
3212
3205
3204
3184
3183
3178
3177
737
736
251
250
249
248
6005
5984
6728
4725
4724
4666
4665
4426
4425
4155
4154
119
5973
5971
5969
5927
5923
5922
5918
5914
6660
3808
3807
3806
3805
3803
3769
3768
3766
3765
3723
5980
5975
5965
5947
5943
5942
5938
5935
5932
5930
5929
5925
5916
5913
7907
6961
6960
6959
6958
6957
6956
6955
6954
6953
6952
6951
6950
6949
6948
6947
6946
6945
6944
6943
6942
6941
6940
6939
6938
6937
6936
6935
6934
6933
6932
6931
6930
6919
6918
6917
6916
6915
6914
6913
6912
6726
6725
6723
6710
6708
6707
6706
6705
6704
6703
6702
6701
6700
6698
6697
6696
6695
6694
6693
6692
6690
6689
6383
6382
6381
6380
6379
6378
6377
6376
6375
6374
6373
6371
6370
6369
6366
6365
6364
6363
6361
6360
6359
6358
6356
6355
6354
6353
6351
6350
6349
6347
6346
6344
6284
6283
6282
6281
6280
6279
6278
6277
5155
5154
5153
5152
5151
5150
5149
5148
5147
5146
5145
5144
5143
5142
5141
5140
5139
5138
5137
5136
5135
5134
5133
5132
5131
5130
5129
5128
5127
5126
5125
5124
5123
5122
5121
5120
5119
5118
5117
5116
5115
5114
5113
5112
5111
5110
5109
5108
5107
5106
5105
5104
5103
5102
5101
5100
5099
5098
5097
5096
5095
5094
5093
5092
5085
5084
5083
5082
5081
5080
5079
5078
5077
5076
5075
5074
5073
5072
5071
5070
5069
5068
5067
5066
5065
5064
5063
5062
5061
5060
5059
5058
5057
5056
5055
5054
5053
5052
5051
5050
5049
5048
5047
5046
5045
5044
5043
5042
5041
5040
5039
5038
5037
5036
5035
5034
5033
5032
5031
5030
5029
5028
5027
5026
5025
5024
5023
5022
5011
5010
5009
5008
5007
5006
5005
5004
5003
5002
5001
5000
4999
4998
4997
4996
4985
4984
4983
4982
4981
4980
4977
4976
4975
4974
4973
4972
4971
4970
4969
4968
4711
4710
4709
4708
4662
4661
4660
4659
4554
4553
4544
4543
4542
4541
4540
4539
4538
4537
4536
4535
4534
4533
4532
4531
4530
4529
4528
4527
4526
4525
4524
4523
4522
4521
4520
4519
4518
4517
4516
4515
4514
4513
4510
4509
4508
4507
4506
4505
4504
4503
4492
4491
4449
4448
4440
4439
4438
4437
4436
4435
4434
4433
4432
4431
4430
4429
4428
4427
4424
4423
4422
4421
4418
4417
4416
4415
4412
4411
4410
4409
4408
4407
4406
4405
4404
4403
4400
4399
4398
4397
4396
4395
4392
4391
4386
4385
4370
4369
4362
4361
4296
4295
4251
4250
4213
4212
4210
4209
4206
4205
4204
4203
4200
4199
4198
4197
4196
4195
4194
4193
4192
4191
4190
4189
4184
4183
4182
4181
4178
4177
4176
4175
4170
4169
4153
4152
4149
4148
4145
4144
4143
4142
4139
4138
4135
4134
4064
4063
4060
4059
4054
4053
4052
4051
4048
4047
4025
4024
3935
3934
3921
3920
3917
3916
3915
3914
3913
3912
3911
3910
3909
3908
3907
3906
3904
3903
3902
3901
3899
3898
3897
3896
3894
3893
3892
3891
3890
3889
3821
3713
3712
3611
3610
3609
3608
3363
3362
3315
3310
3260
3251
3242
3241
3234
3174
3173
3156
3155
3134
3133
3128
3127
3126
3125
3124
3123
3122
3121
3100
3099
3098
3097
3096
3095
3094
3093
2968
2967
2966
2965
2964
2963
2962
2961
2960
2959
2958
2957
2956
2955
2954
2953
2952
2951
2950
2949
2948
2947
2946
2945
2944
2943
2942
2941
2940
2939
2938
2937
2936
2935
2934
2933
2932
2931
2930
2929
2928
2927
2926
2925
2924
2923
2920
2919
2918
2917
2916
2915
2914
2908
2907
2905
2904
2903
2902
2896
2895
2884
2883
2849
2848
2847
2846
2839
2832
2831
2828
2827
2824
2823
2822
2821
2820
2819
2818
2817
2816
2815
2814
2813
2811
2810
2809
2808
2807
2806
2805
2804
2803
2802
2799
2798
2797
2796
2788
2787
2786
2785
2784
2783
2782
2781
2780
2776
2775
2760
2756
2755
2754
2753
2747
2746
2742
2741
2734
2733
2726
2725
2721
2720
2717
2707
2706
2703
2702
2694
2673
2672
2655
2620
2619
2602
2601
2600
2599
2582
2581
2580
2579
2558
2557
2536
2500
2494
2493
2487
2462
2452
2428
2415
2399
2398
2393
2391
2390
2347
2344
2342
2341
2340
2335
2331
2327
2323
2315
2310
2307
2304
2284
2189
2188
2187
2186
2183
2182
2179
2178
2175
2174
2171
2170
2167
2166
2163
2162
2158
2157
2155
2154
2153
2152
2151
2150
2149
2148
2145
2144
2136
2135
2132
2131
2123
2122
2117
2116
2115
2114
2104
2103
2102
2101
2053
2052
1959
1958
1953
1952
1951
1950
1947
1946
1797
1796
1708
1707
1680
1679
1610
1595
1594
1583
1582
1573
1572
1498
1497
1479
1478
1463
1462
1451
1450
1435
1434
1433
1432
1413
1412
1391
1390
1389
1388
1387
1386
1385
1384
1365
1364
1352
1351
1350
1349
1340
1339
1334
1333
1332
1331
1328
1327
1289
1288
1287
1286
1283
1282
1273
1272
1259
1258
1255
1254
1251
1250
1247
1246
1245
1244
1243
1242
1239
1238
1237
1236
1235
1234
1231
1230
1187
1186
1182
1181
1176
1175
1174
1173
1172
1169
1168
1162
1161
1160
1159
1153
1152
1145
1144
1143
1142
1141
1140
1139
1138
1134
1133
1132
1124
1123
1122
1121
1115
1114
1107
1106
1105
1104
1096
1095
1034
1024
1023
1018
1017
1014
1013
1009
1008
1002
999
998
995
994
993
992
989
988
985
984
980
979
978
977
955
954
945
944
938
937
918
917
899
898
892
891
881
880
868
867
853
852
837
836
835
834
814
813
806
805
800
799
794
793
767
766
763
762
751
750
749
747
746
743
742
731
730
729
728
727
726
723
722
721
720
719
718
717
716
715
714
713
712
711
710
709
708
707
706
705
704
703
701
700
699
698
692
668
662
659
656
652
651
650
643
640
639
638
637
634
627
626
621
615
614
607
597
596
567
548
484
459
393
392
368
367
360
359
351
350
345
344
330
329
321
316
315
313
312
311
302
301
300
299
297
290
279
278
276
269
268
235
234
226
225
224
223
222
221
216
215
214
213
208
207
175
173
171
168
157
144
136
135
132
129
128
127
126
125
104
91
90
83
82
81
80
79
78
77
76
75
74
73
72
71
70
69
68
67
66
65
64
63
61
60
59
58
52
51
50
49
48
47
46
45
42
41
36
35
34
33
32
31
30
29
28
27
26
25
24
23
22
21
20
19
18
17
16
15
14
13
735
734
243
242
241
240
733
732
233
232
231
230
7399
6772
7109
7130
7119
5829
3635
3634
3357
3356
2830
2829
1189
847
846
633
632
338
7102
7276
2263
2262
2064
2063
568
7281
7284
7283
1670
1221
1220
1185
1101
1100
665
625
624
5828
3633
3632
3353
3352
2826
2825
