7899
6721
4207
4208
308
303
296
1049
1047
1043
1050
1048
1044
6679
634
1132
668
1133
1186
1364
1187
1365
1497
2144
1498
2145
2182
2323
2183
640
2341
1144
2915
2914
1145
2916
1390
2905
1391
2154
643
2155
1152
2327
1153
1412
1413
2157
2158
2331
289
1037
1038
280
1032
1033
284
1035
1036
352
353
277
1030
1031
291
1041
1042
361
362
381
382
369
370
372
373
395
390
386
396
391
387
5672
5670
5671
6116
5602
5510
5601
5600
5644
5660
5509
5481
5658
5642
5643
5479
5659
5480
5675
6099
5673
6109
6113
4636
5505
4629
4615
4623
4637
5686
5474
5504
4630
4616
4624
5684
5472
5669
5467
5682
5685
5667
5465
5681
5680
5668
5466
5674
5663
5647
5652
5634
5666
5478
5464
5523
5488
5679
5496
5471
5611
5655
5664
5650
5632
5476
5462
5661
5645
5637
5623
5485
5486
5677
5626
5494
178
5469
5662
5522
5609
5646
6091
6096
5500
5651
5633
5610
5654
5653
5516
5621
5483
5473
5520
5636
5635
179
5678
5622
6085
5470
5625
5624
5460
6088
6094
6082
5499
5614
5519
6101
6083
6089
5515
5458
5613
5612
4631
4603
4619
6080
6086
5493
6110
5459
6536
6118
6117
6111
6107
6115
6068
6066
6540
6097
6092
6070
6105
6067
6069
6062
6114
4632
4604
4620
4605
4627
6108
6095
5508
6112
4652
5492
4655
4670
4625
4613
4695
4638
4617
4647
4698
6770
4642
4672
4635
4641
4678
6537
6541
4654
5665
5477
5463
4606
4628
7911
7912
4651
5487
4649
4747
4653
6065
4656
4671
4626
4614
4734
4696
4618
4648
4699
4738
4673
4735
4741
4679
6538
6534
6542
6106
4752
7818
4751
4650
4758
4633
5484
6616
4646
6104
6539
6543
6535
4634
4742
4643
4745
6614
5503
6786
5521
5495
318
5514
812
5518
5498
5491
133
134
485
509
529
817
486
644
510
1716
530
1177
1077
5599
1083
549
1718
1717
1086
1630
5417
1632
5795
550
2003
6148
6147
6146
6144
6143
6142
6140
6138
6136
6133
6131
6141
6139
6137
6134
6130
6128
6127
6126
7919
7918
7917
1960
1636
6784
6782
6778
7947
7935
7934
7933
7932
1631
6785
6783
6779
1633
1094
1961
6248
6221
6216
6209
6174
6171
6339
6334
6330
6252
6272
6255
6254
6250
6245
6238
6237
6234
6230
6222
6217
6210
6202
6271
6261
6259
6257
6253
6251
6249
6247
6246
6244
6243
6240
6235
6276
6275
6269
6268
6267
6263
6262
6260
6258
6256
6242
6241
6239
6870
6869
6868
6867
6866
6865
6798
6797
6829
6823
6831
6830
6825
6824
6832
6826
6795
6793
6791
6789
6780
6822
6821
6820
6796
6794
6792
6790
6781
2774
2773
2772
2770
2768
2762
2751
2748
1637
2091
6924
6923
6922
6921
6920
7916
7915
7913
594
582
569
2094
5830
6163
6214
6207
6200
6196
6187
6181
6170
6165
6158
6155
6176
6173
6168
6157
6205
6198
6189
6164
6159
6195
6186
6180
6177
6169
6166
6160
6152
6151
6150
6314
6311
6236
6227
6215
6208
6201
6197
6191
6188
6182
6178
6326
6315
6312
6298
6293
6291
6289
6287
6194
6167
6161
6156
6154
6232
6211
6206
6204
6203
6199
6193
6192
6190
6183
6340
6338
6337
6336
6335
6333
6331
6328
6327
6325
6324
6323
6320
6319
6316
6309
6306
6303
6300
6297
6296
6295
6294
6292
6321
6317
6313
6310
6307
6274
6273
6270
6859
6854
6849
6844
6839
6834
6861
6860
6856
6855
6851
6850
6846
6845
6841
6840
6836
6835
6862
6857
6852
6847
6842
6837
1639
2322
6926
6818
6816
6814
6811
6808
6805
6802
6799
6803
6800
6393
6392
6391
7951
7950
7949
7948
7946
7945
7931
7930
6833
6827
7929
7928
7927
7926
7914
2099
2092
6439
6438
6437
6436
6435
6812
6809
6806
6172
6162
6153
6218
6212
6233
6229
6225
6223
6219
6213
6308
6305
6185
6179
6175
6231
6228
6226
6224
6220
6184
6290
6288
6286
6304
6301
6299
2095
595
583
570
6889
6895
6883
6877
6871
6896
6890
6884
6878
6872
6897
6891
6885
6879
6873
6874
6886
6880
6898
6892
6863
6858
6853
6848
6843
6838
2670
1640
6929
6928
6927
7938
7937
6329
6322
6318
6302
6819
6817
6815
6804
6801
2100
2326
6967
6966
6965
6964
6963
6813
6810
6807
6905
6901
6909
6906
6902
6910
2771
2769
2767
2761
2759
2750
2745
2732
2330
5858
1120
1113
1103
6893
6887
6881
6899
6875
7944
7943
7942
7941
7940
7939
2671
2108
6907
6903
2332
2679
2681
6911
6900
6894
6888
6882
6876
1658
1651
1646
2109
6908
6904
2680
2685
2682
5716
3179
3171
3167
5427
5958
1659
1652
1647
2334
6448
6446
6445
6429
6428
6427
6426
6387
2686
3191
3185
3208
3201
3197
6453
6452
6451
6450
6449
6386
6385
6384
2328
5699
5529
5526
5722
5732
5532
2688
6969
6968
5409
2140
2129
2120
3180
3172
3168
6975
6974
6973
6972
6971
6970
2329
5400
3192
3186
3209
3202
3198
6627
6011
2689
2141
2130
2121
5534
5527
5816
2684
5892
6443
6442
6441
6440
6432
6430
2339
2338
2337
6444
6431
3844
3839
3728
3726
3724
3721
3719
3717
7842
7846
5726
7826
5978
5528
5525
6040
7838
7834
7830
5909
2695
2692
2690
5390
5676
3845
3840
3729
3727
3725
3722
3720
3718
7828
7827
6456
6455
5408
7840
7839
7836
7835
7832
7831
5706
2696
2693
2691
5751
6461
6460
6459
6458
6457
6454
5835
5533
6977
6976
7751
7746
5531
2316
274
271
220
2374
6060
6980
6979
6978
6983
6982
6981
5968
4013
4012
4011
3963
3961
4008
4007
4006
5724
2317
2375
244
236
227
218
211
192
191
190
189
186
185
184
183
180
176
169
166
165
162
158
272
267
266
265
264
261
260
253
252
228
219
201
194
254
247
246
239
238
229
5854
5388
1209
951
783
4261
4259
4256
4255
4252
4274
4269
4266
205
200
193
174
172
170
5705
5834
212
206
6103
6008
1219
1217
1210
1204
1198
1112
1102
1093
1057
1056
1053
848
838
810
808
803
797
791
781
778
4767
4759
4669
4763
4772
5389
1229
1224
1222
1218
1214
1071
963
962
959
956
816
792
788
1228
1226
966
965
964
779
5893
2318
245
237
195
202
5961
5729
1227
1225
1223
828
822
815
804
798
2319
6145
6039
2287
7829
5704
811
784
780
809
2482
7841
7837
7833
2418
5986
2288
5813
2298
7850
5524
2898
7697
7726
7722
7718
7714
2299
2850
6285
6059
7821
7814
5703
7810
7806
7802
7782
7778
7763
7759
7767
7720
7719
7716
7715
7728
7727
7724
7723
7738
7734
7848
7847
7844
7843
7671
7680
7527
7547
7418
2687
7414
7698
7431
5819
2752
2851
2300
2731
2730
2729
7742
7356
7352
7675
5697
2722
2718
2713
2704
2698
2697
2537
2749
2719
2716
2715
2683
2714
2712
2711
2705
2699
2678
2669
2664
7543
7822
7815
7811
7807
7803
7783
7779
7764
7760
7739
7768
7735
7422
5537
5979
3203
7672
2301
7681
7381
7373
7528
7342
5536
7548
7346
7380
2710
5946
7368
5382
5966
5940
5937
5931
5919
5915
5912
5983
5982
5981
5977
5948
5939
5936
5934
7419
5974
5972
5970
5933
5928
5926
5921
5917
5687
7743
7415
7182
7898
7676
7061
7432
5535
7194
7544
7250
5197
5195
5186
5184
5182
5203
5201
5199
7246
6496
5924
6506
7423
7894
7065
5752
7774
7343
5198
5196
5187
5185
5183
5204
5202
5200
7347
7357
1215
7353
4890
4889
4886
4884
4880
4876
4873
4871
4869
4867
4865
4863
4860
4858
4856
4855
4773
4769
4768
4764
4760
4757
4750
4746
4888
4887
4875
4872
4868
4864
4859
4857
4892
4891
4885
4881
4877
4874
4870
4866
6042
7394
7897
7183
7695
7694
7691
7685
7679
7693
7692
7690
7689
7688
7687
7686
7684
5210
5209
5192
5191
5190
5213
5212
5211
6423
6422
6419
6417
6415
6413
6410
6408
6406
6404
6402
6400
6399
6397
6395
6394
6372
6368
6367
6362
6357
6352
6348
6345
6421
6420
6412
6409
6405
6401
6398
6396
6425
6424
6418
6416
6414
6411
6407
6403
1216
2453
2451
2450
2446
2444
2438
7195
209
2889
3798
3761
3749
3747
3745
3763
3759
3757
3755
3751
3743
3741
3739
2445
2443
2437
2429
2425
2421
6628
6525
2434
2291
6516
1699
7482
2878
2873
2866
2859
2852
2845
5218
5217
5214
5206
5205
5221
5220
5219
7507
5862
3799
3762
3750
3748
3746
3764
3760
3758
3756
3752
3744
3742
3740
305
7771
2449
2432
4214
7510
2862
2026
2368
7865
6523
2890
2794
210
2844
2540
3996
3958
3956
3950
3946
3954
3952
3948
3944
3942
3940
3938
3936
2860
7849
7845
7286
2891
2885
2879
2871
2864
2857
7477
4215
1700
2863
2027
2369
7863
7514
3224
3222
3206
3199
1673
6524
325
3997
3959
3957
3951
3947
3955
3953
3949
3945
3943
3941
3939
3937
2795
5852
5232
5230
5226
5224
5222
5238
5236
5234
2861
4341
7924
306
3131
2250
2523
3281
2893
2874
1671
681
262
3368
4091
4089
4087
4085
4083
4081
4079
4077
4075
4073
4071
4069
4067
1674
3119
4342
3129
5683
2164
3132
2251
2524
1179
2892
2886
2880
2872
2865
2858
4092
4090
4088
4086
4084
4082
4080
4078
4076
4074
4072
4070
4068
4844
3225
3223
3207
3200
1672
7005
5904
7886
3834
3833
3820
3818
3195
3189
3120
1918
3130
7773
7852
7851
5233
5231
5227
5225
5223
5239
5237
5235
1916
5850
6558
4845
6556
1919
3836
2894
2875
7475
7382
2165
969
682
6738
1917
7501
7889
5419
3982
3980
3974
3970
3196
3190
2812
1180
4917
5544
7085
2472
2356
84
2305
5253
5251
5243
5241
5228
5259
5257
5255
4290
7910
4918
4065
7921
2855
7062
7077
1148
3983
3981
3975
3971
2357
453
4446
2306
970
1682
4853
203
4066
2473
2521
5254
5252
5244
5242
5229
5260
5258
5256
3817
163
4447
5693
2856
7500
1149
4854
2522
4644
1039
7251
336
6433
4272
1683
7306
4501
7273
7772
5412
6662
4913
5263
5261
5249
5247
5245
5269
5267
5265
7900
2789
2906
724
7247
5738
5755
6388
6341
6266
6132
6079
6056
6031
5993
4502
5954
7436
307
7922
7920
5870
1712
4914
5845
4273
3326
3767
5086
1622
3774
967
4220
2112
5264
5262
5250
5248
5246
5270
5268
5266
5844
4645
2743
4387
4849
4847
987
3397
1623
3775
7406
1713
968
4221
5881
5087
7511
3732
3825
2744
4388
2113
1914
3871
5843
347
1296
4850
4848
4325
1990
3733
5162
4495
2887
3111
5710
3699
1915
3872
1297
4326
4784
7487
2498
4919
4915
4496
2888
4057
3112
3857
5163
1991
7909
1729
5449
4920
4916
3858
3700
341
2499
6490
5172
5741
4218
4058
43
39
620
5173
4785
7147
7503
5308
5304
5300
5296
5291
5283
5279
5275
44
40
4036
6332
7888
4219
1730
7853
4253
7895
4307
4037
7891
3333
5502
4254
5309
5305
5301
5297
5292
5284
5280
5276
4308
4944
4171
2105
5841
4373
7729
7725
7721
7717
4172
5363
4226
3334
7466
5317
5316
5315
5313
5311
5293
5288
5286
617
4945
327
4374
5240
4301
2470
259
4227
2106
348
5863
5859
4302
2471
7396
4493
2853
5855
2765
663
5860
6661
5364
4494
2854
5708
5324
5323
5322
5321
5320
5314
5312
5310
371
5447
3824
618
5815
2766
6122
2463
5746
383
991
3109
6057
5365
6992
6991
6990
6989
6988
6987
6986
6985
7753
7752
7748
7747
4030
4743
2464
3110
826
6125
6072
6054
3772
6027
6514
672
6019
5735
4452
5963
6492
6773
6515
619
5902
5842
6135
7009
5370
5426
6034
4744
2708
2387
4293
5840
1613
5441
6617
6483
6488
6487
6486
6485
6484
6482
6481
6479
827
1720
6480
4792
2388
4882
1110
2709
3773
4238
1099
7002
4294
2700
6473
6472
6471
6470
6469
6466
6465
6463
7066
5482
2519
1062
1028
1021
282
4883
7509
6030
7563
4793
4601
4355
1710
5561
1614
2701
4239
2520
5306
5302
5298
5294
5289
5281
5277
5273
4471
4923
1721
1063
1029
1022
283
2737
4602
4356
5808
5782
5307
5303
5299
5295
5290
5282
5278
5274
5760
4907
3089
4232
5774
4924
1703
4463
1300
1298
1290
752
5839
5794
4472
1118
4714
4561
3090
2738
378
1602
4908
1711
187
1944
1301
1299
1291
753
1634
4464
1348
4715
4562
4233
5848
4611
3107
613
5800
4931
379
1603
7428
7504
188
7401
4593
1704
3108
5517
5453
5444
5438
4612
4932
5361
4457
5825
756
1926
7407
744
4594
5443
5442
5431
1945
5362
5740
337
4702
3331
5439
5437
5430
757
1927
5734
745
4458
3697
5433
7873
6064
4703
3332
7820
2283
5422
4587
1635
5513
4895
5804
4588
4599
2433
2156
2147
2139
3698
5820
4896
6016
6014
6013
2535
4600
6012
6998
6997
6995
6994
6993
7001
7000
6999
384
2128
6478
6477
6476
6475
6474
6468
6467
6464
4927
6029
2876
2411
2146
2138
2127
7242
7234
7226
3994
3990
7866
3978
4928
3931
4755
3895
5962
7210
2406
3988
5343
5341
5333
5331
5329
5349
5347
5345
388
2119
294
2137
2126
2118
2107
2042
3995
3991
2431
4230
3979
1570
4756
2877
7893
5826
7202
3989
5344
5342
5334
5332
5330
5350
5348
5346
3770
295
7769
5399
2427
1146
4109
7420
4808
4107
4105
4131
1571
2423
3932
754
4103
5353
5351
5339
5337
5335
5359
5357
5355
4231
1075
4809
7298
3157
5949
4110
3771
4108
4106
1930
7265
7063
1127
1117
1109
1082
2420
2800
755
4728
4104
5354
5352
5340
5338
5336
5360
5358
5356
7430
1090
1089
1931
3873
2417
4455
4224
1689
3158
355
5837
7770
2413
1081
3874
4225
2801
4132
7421
324
1070
130
2405
4456
1155
7190
2400
2840
340
7508
4729
1212
2280
328
3304
4585
375
2496
2491
2308
2277
5838
2841
4586
6755
4133
7459
7442
5818
3305
957
7468
7598
5418
6666
3115
4846
377
3618
5436
5432
1183
1158
1135
795
131
5424
3116
958
4363
1157
1156
1092
7438
5434
3619
5551
1147
1129
1091
7872
6996
376
3695
1111
7007
7384
4937
606
153
5397
151
3696
149
1999
364
4364
5728
6644
5489
1076
5429
287
285
145
1668
1617
319
2000
288
286
785
1005
6491
7064
2366
1128
4978
4607
142
2228
7458
7441
1669
1618
320
2124
154
152
7467
150
6731
2229
2367
5410
7244
7236
146
7228
1936
1934
764
4608
7266
7212
5538
4979
2517
7003
2125
1937
1935
765
4216
7437
5562
7365
143
1532
7067
2518
7204
4217
5020
7460
7443
7469
1997
5423
5366
4343
140
7439
5021
2014
1998
2087
4344
6504
7446
6771
7013
5158
5836
7294
2226
5367
2015
790
7192
2227
141
5159
2252
2835
7364
5170
4726
5368
2253
7078
7017
2088
5171
4727
2836
7366
7868
648
6505
6025
5369
5475
3113
6051
1606
3454
3452
3450
3448
3444
3442
3436
3434
3428
3426
3422
3420
3418
3416
3414
3410
3401
3395
3393
3389
3386
3384
3382
3379
3377
3375
3373
3369
3364
3344
3339
3337
3335
3329
3327
3320
3318
3316
3313
3311
3308
3306
3298
3175
3169
3165
3163
3161
3149
3143
3141
3139
3137
3135
3446
3440
3438
3432
3430
3424
3412
3408
3406
3403
3399
3391
3354
3350
3348
3346
3342
3302
3193
3187
3181
3114
7086
6681
6674
5787
5778
5769
5761
6669
5371
649
1607
4187
7448
6677
3455
3453
3451
3449
3445
3443
3437
3435
3429
3427
3423
3421
3419
3417
3415
3411
3402
3396
3394
3390
3387
3385
3383
3380
3378
3376
3374
3370
3365
3345
3340
3338
3336
3330
3328
3321
3319
3317
3314
3312
3309
3307
3299
3176
3170
3166
3164
3162
3150
3144
3142
3140
3138
3136
3447
3441
3439
3433
3431
3425
3413
3409
3407
3404
3400
3392
3355
3351
3349
3347
3343
3303
3194
3188
3182
7445
6777
5372
1928
948
960
824
3604
3602
3600
3598
3596
3588
3586
3584
3582
3580
3578
3570
3568
3566
3564
3562
3560
3552
3550
3548
3546
3544
3542
3540
3538
3530
3528
3526
3524
3522
3520
3518
3516
3514
3512
3504
3502
3500
3498
3496
3494
3492
3490
3488
3486
3478
3476
3474
3472
3464
3462
3460
3458
3456
3594
3592
3590
3576
3574
3572
3558
3556
3554
3536
3534
3532
3510
3508
3506
3484
3482
3480
3470
3468
3466
147
7159
6713
1929
4188
844
5373
6648
3605
3603
3601
3599
3597
3589
3587
3585
3583
3581
3579
3571
3569
3567
3565
3563
3561
3553
3551
3549
3547
3545
3543
3541
3539
3531
3529
3527
3525
3523
3521
3519
3517
3515
3513
3505
3503
3501
3499
3497
3495
3493
3491
3489
3487
3479
3477
3475
3473
3465
3463
3461
3459
3457
3595
3593
3591
3577
3575
3573
3559
3557
3555
3537
3535
3533
3511
3509
3507
3485
3483
3481
3471
3469
3467
949
6640
961
5727
825
5374
4014
845
4419
6642
886
1268
1270
1274
148
5435
1278
1269
1271
4015
4222
1275
4420
887
7447
7402
1279
4223
5990
4101
4511
1262
5721
4102
4512
1263
273
6743
5559
7613
2354
138
902
5420
6559
2054
7296
2355
903
6744
2515
7289
7435
1626
139
1264
5712
2516
5824
7568
1604
1600
1598
1596
1590
1588
1586
1584
1580
1578
1576
1574
1568
1566
1564
1558
1546
1542
1540
1538
1560
1556
1554
1550
1548
1544
1265
4371
7881
7878
7754
7749
7393
677
4372
782
6053
6026
6760
4567
1605
1601
1599
1597
1591
1589
1587
1585
1581
1579
1577
1575
1569
1567
1565
1559
1547
1543
1541
1539
1561
1557
1555
1551
1549
1545
326
6552
7611
4568
6503
474
6650
5920
678
7429
6501
5428
2467
2085
2081
2080
2079
2077
2076
2075
2074
2072
2071
2070
2069
2067
2066
2065
2061
2051
2049
2048
2047
2062
2060
2059
2056
2055
2050
7476
986
5402
832
565
5847
7776
7775
2436
6494
1136
598
586
571
531
487
553
513
460
833
6699
2389
2384
2383
2382
2379
2378
2377
2376
2373
2372
2371
2370
2365
2364
2363
2360
2349
2346
2345
2343
2361
2359
2358
2353
2352
2348
1205
1199
2468
7883
1276
545
444
423
409
1126
1277
599
587
572
532
488
554
514
461
1137
7299
983
1116
566
7461
7444
7470
1193
2901
475
943
936
928
905
876
921
890
864
7039
1108
1705
7440
912
7449
546
6665
7068
1784
1765
1316
1311
1302
1790
1776
1752
3388
85
913
1706
6740
3778
5421
975
1266
1986
1984
1980
1974
1964
1982
1978
1970
7561
1381
1362
1345
1335
6500
3692
1267
2045
3779
5720
1987
1985
1981
1975
1965
1983
1979
1971
5405
7794
445
424
410
6718
167
1382
1363
1346
1336
6498
3867
6664
2212
2204
2202
2200
2198
2210
2208
2206
7614
6119
2046
3693
7367
725
1880
1854
1828
1802
3868
5401
2213
2205
2203
2201
2199
2211
2209
2207
7559
7553
1881
1855
1829
1803
3780
873
4034
2414
1653
3781
974
6767
2409
7378
5907
7879
5812
4035
7551
5888
3865
1654
181
2435
298
6643
3866
7456
7880
7877
4165
1910
2430
7869
7137
4806
182
5803
5798
5790
5783
7612
1725
2426
7890
7245
7237
1911
7229
3230
4166
7213
758
7136
5695
2422
858
841
829
7205
7243
7235
6555
7227
4299
2465
7454
759
7211
109
3231
2419
118
5849
4807
4300
2466
2412
7203
2416
6769
3210
3626
1726
973
6052
2408
2410
117
3324
323
7256
7193
7452
3627
2404
2407
1759
6641
4851
3211
7858
2282
7219
7867
7254
2403
5556
5882
2495
2309
2279
2276
7450
7191
3628
4160
7135
2281
2086
3228
2096
4852
1608
2278
2073
2068
1994
3629
3232
110
111
3325
2497
2492
2490
2489
2488
2302
3229
4161
1609
7383
3233
7006
217
7403
1611
4940
769
628
768
1922
3624
3606
7464
2097
4401
1923
1747
1736
1731
7218
4941
7462
3607
3625
2084
2078
777
7060
3822
7220
6639
4958
4402
116
1426
1402
1372
1353
1661
1660
1655
7127
1612
2454
4959
4595
3214
942
1427
1403
1373
1354
770
4596
4029
5396
771
1027
120
6495
5733
3215
1884
1858
1832
1806
115
2455
7369
5383
1058
7297
7371
1885
1859
1833
1807
103
3622
5853
1040
332
1443
1420
1396
1366
4291
608
584
511
432
430
3623
2833
1444
1421
1397
1367
776
7295
629
6622
448
2834
5394
4292
499
521
539
1886
1860
1834
1808
609
585
512
433
431
7374
1887
1861
1835
1809
1656
2757
7379
4469
775
1458
1439
1416
1392
160
5688
952
935
889
850
849
2758
7376
7395
1459
1440
1417
1393
6656
4470
7269
616
3105
1592
5563
7600
7591
5851
1775
1741
1740
1320
1310
693
1888
1862
1836
1810
5549
3106
5960
2184
5736
7360
102
4609
114
1593
427
413
403
1889
1863
1837
1811
161
470
440
419
495
466
436
519
493
464
1995
1976
1968
1966
1962
4610
1920
5392
54
1509
1492
1469
1452
6621
4700
3322
1996
1977
1969
1967
1963
1921
3159
4701
3323
5391
2185
1165
1510
1493
1470
1453
3828
2214
2196
2194
2192
2190
449
2763
500
522
976
540
2215
2197
2195
2193
2191
7599
7590
1890
1864
1838
1812
5560
33
31
29
27
19
17
7601
7592
35
25
23
21
15
13
7257
55
2764
7896
7362
3160
7271
1891
1865
1839
1813
1536
2460
774
6497
3103
3829
7131
1534
3104
694
1518
1504
1487
1464
7860
2461
1519
1505
1488
1465
428
414
404
6123
5823
471
441
420
496
467
437
520
494
465
7011
1537
5725
88
7263
1619
4031
6121
7713
1892
1866
1840
1814
6625
1535
1893
1867
1841
1815
1620
4753
2790
2909
7307
1664
4739
2735
860
454
1938
884
900
911
4281
5557
34
32
30
28
20
18
1939
4754
2791
36
26
24
22
16
14
2736
1523
1513
1499
1482
2910
7173
7155
5403
7864
4740
1992
455
3101
4893
3300
1524
1514
1500
1483
4487
1562
3102
3153
4878
1993
673
1894
1868
1842
1816
7696
4894
3301
1563
2230
1657
1895
1869
1843
1817
4879
3154
7255
4925
4488
1924
3616
843
831
823
7101
2231
871
856
839
882
869
854
897
879
866
1925
4921
4926
3617
4922
674
4692
2458
6531
1665
6004
1409
1379
1360
1343
1749
7008
1771
1780
1788
113
4693
5950
2012
1410
1380
1361
1344
1130
3927
1059
4732
7882
2459
2013
1896
1870
1844
1818
6024
932
924
915
907
893
818
89
3776
4733
1897
1871
1845
1819
4158
2244
408
1650
7795
4812
3826
933
925
916
908
894
819
2245
7636
7624
1131
612
4813
3827
4159
363
3777
7274
1738
1733
1727
2897
1060
1757
1745
1734
1769
1755
1743
1779
1768
1754
1280
1260
1256
1252
1248
1240
7138
4311
7925
4000
773
4312
1281
1261
1257
1253
1249
1241
1701
1428
1404
1374
1355
11
9
7
5
3
1
7644
7632
2172
4001
3381
7308
12
10
8
6
4
2
5553
7777
1429
1405
1375
1356
7111
4117
1702
5739
4118
1898
1872
1846
1820
687
7637
7625
3842
1899
1873
1847
1821
7221
2160
7652
7640
5547
7635
7623
3843
2161
7645
7633
6768
688
6342
6264
6124
6071
2480
6061
7148
5876
6003
6048
6047
5874
4032
4946
5873
4899
4788
4674
7660
7648
4479
3924
2173
7589
4288
6046
7643
7631
7653
7641
5869
1163
6120
6063
4033
5737
4286
2481
5906
4156
4947
4900
4789
4675
4480
354
4162
4289
5903
5548
4284
4287
4736
4639
4157
4163
4990
4950
4903
5384
6548
4794
1164
4597
5900
7149
4357
4309
7661
7649
4297
2456
2913
7651
7639
397
6045
4353
4285
7668
7656
4991
4951
4904
4298
2457
4795
4737
4640
4310
4598
4358
5898
5016
4966
4933
275
4842
4354
1722
4722
4351
4583
4861
4748
5017
4967
4934
4843
4282
4723
4581
3405
5414
4584
4352
4582
2336
4862
4749
7177
417
7669
7657
1723
7659
7647
4283
4579
1628
112
6742
4911
4830
392
5896
4580
3704
7664
7524
4912
4831
1681
5540
1629
1942
4489
1010
6550
7562
1940
5814
4490
3705
1943
1941
2904
7665
7525
6549
4577
7667
7655
4578
418
7804
7780
7761
7736
4041
7682
2385
7549
7884
6044
7433
56
2386
7536
7520
4042
7354
393
772
6623
2098
2533
92
6657
7112
4179
57
4279
7537
7521
7805
7781
7762
2534
6729
7737
7683
5944
7550
7554
4180
7248
5833
3736
7663
7523
5895
7434
2779
128
4305
2478
4280
748
4306
2479
3737
1054
1051
919
639
7355
4485
3851
6787
6774
6753
6745
6739
638
627
7560
1055
1052
920
6720
3852
7540
7532
4486
1294
1292
1232
6683
7541
7533
1295
1293
1233
6727
4575
7350
6638
7750
6678
4576
7602
7593
787
7351
7535
7519
6659
129
7457
7079
3247
3237
4150
7629
7621
5411
7627
7619
3248
3238
7249
5381
6675
3666
3640
4151
7552
3667
3641
1142
2303
6390
1140
1123
7539
7531
813
4413
7285
7132
5807
5805
5801
5796
7825
4986
4414
4987
2536
5908
1211
7453
506
5012
7272
4663
5013
5964
7268
7175
7157
4664
1707
7455
4712
5861
1143
507
6502
4713
5691
1141
1124
5875
6673
1638
5872
6499
7015
7267
5657
5598
5576
5894
5385
5885
5590
5404
6043
5620
6546
5883
1708
6093
5539
7465
7021
2320
5880
5546
508
4277
5631
5879
5806
5802
5797
5789
2599
2579
2557
5393
5878
7887
6447
6434
6389
6343
6265
5877
6129
4278
6077
6055
5413
6028
1388
7451
5689
5991
204
7892
2321
5871
1386
1351
1958
6020
4483
5868
3804
5160
5088
4988
4948
4901
4790
4676
4450
4228
3998
5555
3802
5959
5641
4484
7823
7816
7812
7808
7784
7765
7740
7673
5905
7529
1552
6751
6018
7416
4055
3801
5387
4573
7358
5161
5089
4989
4949
4902
4791
4677
4451
3800
4229
7270
6613
6588
6566
3784
3999
4574
5558
2311
6580
3706
121
123
503
2600
2580
2558
7252
541
3703
1959
4056
5901
4049
6600
5176
5164
5090
4992
4952
4905
7372
4796
3785
4680
6493
3846
3841
3838
3837
3716
3694
4453
2676
2617
2565
604
5554
4244
5690
2597
7824
7817
7813
7809
7785
7766
7741
7674
5379
7530
3869
6511
6510
6509
6508
6765
5386
5177
5165
5091
4993
4953
4906
4129
4797
4681
1553
2643
4454
2677
7417
2618
2566
4050
3870
4245
2598
1389
7087
5179
5174
5156
5014
4964
1167
4929
7080
4832
6605
4716
450
4445
4442
4441
4563
3079
3081
679
4130
3083
1125
1387
1352
4780
5989
2644
675
4327
5180
5175
5157
3087
5015
4965
4930
2312
4833
4717
122
124
7359
4564
504
6017
3080
3082
7463
3084
4127
542
4328
2391
4339
7124
7617
3088
3073
2653
4781
338
605
4340
3074
7605
5899
4128
3992
4814
6962
6925
6828
6788
6775
6754
6746
6732
2654
6712
7557
4045
7427
6663
4337
4815
7609
5415
7796
3075
451
7019
4338
6685
1407
1377
1358
1341
996
997
7787
888
3993
3076
914
683
478
527
4046
7587
7791
1408
1378
1359
1342
950
6684
4240
6609
1882
1856
1830
1804
7799
5998
4125
7253
7377
2152
1883
1857
1831
1805
7494
4241
861
2150
2135
1531
1533
1773
4126
2662
2476
1789
7756
684
4323
7797
1319
479
4335
7638
7626
4324
6532
2663
4336
7490
528
3077
7706
385
7370
429
400
398
5543
342
3279
3271
1750
7014
3078
2392
127
5607
5594
5585
5577
1201
680
551
5910
6680
2477
1150
6672
3280
3272
5799
5791
5784
5775
1195
875
685
5793
5786
5777
5768
3690
3664
5754
2176
7646
7634
3815
5406
7710
7498
665
5788
5779
5770
5762
5780
5771
5763
5757
3691
3665
7010
1189
358
2153
5781
5772
5764
5758
5897
1151
5773
5765
5759
5756
2151
2136
3275
3263
2911
5766
669
6015
5753
5749
5747
5744
407
5750
5748
5745
5742
1648
7630
7622
399
7857
1761
5792
5785
5776
5767
1649
552
3276
3264
7165
1309
456
2177
7363
793
3816
3688
3662
1714
3256
3243
4043
6087
6084
6081
6078
6076
6075
6074
6073
7654
7642
7731
3398
3689
3663
7018
7480
458
3257
3244
1795
1783
1774
1762
1751
1739
1315
3267
3254
1166
5719
4044
1715
3668
3642
2020
2439
3669
3643
415
1097
3268
3255
3701
1196
7375
1188
4026
1202
4123
7125
7103
2304
457
1184
6507
1207
3686
3660
2180
5891
7107
547
1178
2393
2390
1171
7282
7662
7650
3687
3661
6551
1643
4124
97
7291
7278
794
6050
3702
2159
2021
2440
664
2181
4333
7303
7179
7516
321
3258
3245
4260
4334
2694
1641
2469
1185
7264
7262
1194
1200
7311
7187
4038
4136
1644
7485
1190
1206
3259
3246
7575
7566
6676
2089
2881
7309
6522
3684
3658
7315
7199
6737
7556
789
4039
3685
3659
1645
4481
4137
7670
7658
796
2032
1642
4173
1572
7319
7207
7088
2882
7123
481
2447
5911
802
4393
5846
3249
3239
7040
786
98
2033
4174
7056
4482
4303
2474
4394
2268
3250
3240
7701
7025
4304
2475
676
3269
7618
1698
7035
7323
7215
100
1692
2448
2269
6730
1213
4571
1693
2921
3682
3656
349
6462
7052
2110
7361
7031
7027
4572
3683
3657
7862
4690
3270
7093
7089
7081
7073
7606
7666
7526
5957
686
7390
7048
7139
7555
1573
2922
6023
7628
7620
6632
7327
7223
4691
3294
3290
310
7026
2111
5953
7610
6520
6519
6518
6517
7473
3151
7044
6709
3295
3291
5450
5448
5468
5461
5457
5456
3929
4730
5640
5629
5616
5603
2792
7129
132
7583
7571
3152
3680
3654
5951
696
2362
4731
3681
3655
3614
7588
7023
7022
7331
7231
7789
1197
6691
3930
1946
5506
5455
5454
5445
5440
5451
3615
2793
7538
7522
4810
6711
1203
1528
1527
1522
1517
1512
1511
1508
1503
1496
1495
1494
1491
1486
1475
1474
1473
1472
1471
1468
1461
1460
1457
1456
1455
1454
1449
1448
1445
1442
1441
1438
1437
1436
1431
1430
1425
1422
1419
1418
1415
1414
1411
1406
1401
1398
1395
1394
1383
1376
1371
1368
1357
1347
1338
1337
1330
1329
1326
1325
1324
6593
6584
6575
6567
3813
4811
1208
3814
7793
4027
7160
6724
4201
5952
3226
7150
3292
3286
5985
690
7702
2629
2609
2587
2567
7615
4028
7495
4202
7573
7564
5889
3227
1615
476
446
425
411
4009
3293
3287
7603
3933
7801
7859
4119
2630
2610
2588
2568
7287
6719
7335
7239
4329
6984
3620
270
3678
3652
1947
7607
4120
1616
4330
4010
799
5452
3049
3023
2997
2971
3621
7290
7277
3679
3653
5967
5867
6652
3050
3024
2998
2972
7819
4002
1798
7585
5512
4115
53
452
7302
7178
7542
7534
1799
4116
7758
5511
6722
3710
1001
4003
6090
7491
6058
6035
6000
7492
5955
1690
5884
7339
7024
5507
1677
1691
7310
7186
477
447
426
412
4897
3288
3282
4113
343
3711
5501
2310
4004
4114
7488
5497
7398
2424
3859
3289
3283
5866
7385
4164
356
4898
6651
5988
7314
7198
7786
5490
5271
4005
95
3860
7708
6688
7790
7596
7579
3676
3650
482
101
670
800
4111
4942
7496
3677
3651
7798
7861
7387
4112
7616
874
859
842
830
292
3796
3986
4943
7499
7755
6102
7318
7206
2090
666
1530
4962
6654
6528
7478
357
4963
7114
3797
7705
6100
3962
7604
2786
3987
175
173
171
168
5552
3885
671
5857
7712
622
6687
981
4686
3730
2016
660
4211
7483
96
7471
483
7140
7709
3886
7410
5272
4478
7161
1627
691
6098
7322
7214
1760
1748
1737
1732
5809
4236
4684
3731
2017
7608
293
90
667
3794
405
4687
1582
7730
3847
2248
99
4237
7788
695
657
3795
3848
2249
6038
4682
6527
6526
7481
4685
4321
4804
661
5380
3883
4322
5541
7586
7792
7515
7121
982
7576
7567
3884
91
7326
7222
1520
1506
1489
1466
5395
2082
2010
6671
7288
4805
4802
4683
7733
5285
4246
623
7012
5864
4697
7292
7279
6010
4840
5743
1521
1507
1490
1467
2083
2011
406
3284
3277
654
4803
7800
658
7389
2839
3788
4841
1694
4800
1902
1876
1850
1824
1695
7304
7180
2260
2254
1476
7397
4838
7582
7570
4247
1583
3285
3278
1903
1877
1851
1825
7493
2261
2255
3789
4839
135
4801
4020
3674
3648
7312
7188
7169
7151
7143
7120
1763
5810
3881
7757
3675
3649
4473
4836
7330
7230
3882
6009
7486
505
4837
655
697
5287
107
106
314
7128
3147
4021
646
6554
4474
309
5811
7316
7200
6682
523
497
468
438
4786
1154
581
7016
346
164
5976
365
7704
1477
4569
7581
7569
335
501
472
442
421
607
630
7518
6033
3360
561
537
517
491
7489
579
559
535
515
592
577
557
533
6032
602
590
575
555
610
600
588
573
4018
4275
4570
177
7875
7707
7113
3790
6021
1170
5865
1950
1764
1000
761
760
3310
3714
7320
7208
1034
5987
4276
7098
41
3791
2717
6530
2034
6608
6603
6596
6589
6007
4019
647
7116
5318
3715
6757
3148
4349
6547
1678
7411
525
3879
1948
7699
4350
7108
5731
7334
7238
3861
524
498
469
439
2035
6001
7184
3880
1191
7104
4787
641
62
3984
366
2660
2649
2635
2621
3361
4270
3862
1662
7162
7344
4761
7744
7677
7545
7424
631
297
502
473
443
422
7348
2142
7324
7216
2258
7196
562
538
518
492
7711
580
560
536
516
593
578
558
534
603
591
576
556
611
601
589
574
4016
5730
5723
7497
1095
5992
995
313
7474
2350
2259
2661
2650
2636
2622
4271
93
4762
1951
7119
6686
5994
3985
3709
1949
3067
3041
3015
2989
5319
7167
4347
2351
42
279
2401
2396
5702
4816
6037
7185
2869
4017
2619
374
3068
3042
3016
2990
4348
1074
4817
94
6544
7345
2513
526
3792
642
7197
7392
7700
3835
7349
1192
4234
5887
7425
2143
901
883
870
855
7546
7678
7745
1446
1423
1399
1369
1696
2402
2397
2514
2093
4909
1697
1002
994
917
836
7328
7224
702
7259
5856
4267
7126
885
872
857
840
119
3793
1663
927
910
896
878
934
926
909
895
6513
941
931
923
906
2531
2529
7020
947
940
930
922
953
946
939
929
6036
6002
5956
4235
5886
5827
2289
7338
1447
1424
1400
1370
7732
5715
5700
3928
2532
2530
7505
1529
1096
662
659
656
651
637
626
621
615
614
7258
7506
3877
4268
5656
5648
5638
5627
4319
650
136
635
3296
2655
7122
1900
1874
1848
1822
7479
2342
290
3878
2294
1172
7405
4320
2485
7703
6618
2870
1901
1875
1849
1823
4345
4040
5325
7171
7153
7145
5168
1687
5713
7142
2620
5707
4346
904
1781
1770
1756
1744
2290
5709
278
5446
317
4910
7412
3297
7885
4167
6620
6521
1088
5718
1772
1758
1746
1735
918
837
1794
1787
1778
1767
1793
1786
1777
1306
1792
1785
1314
1305
1791
1318
1313
1304
1321
1317
1312
1303
7936
7902
7332
7232
7388
5649
5639
5628
5615
2486
276
2168
7901
2295
6670
7595
7578
1085
2848
7426
7164
7574
7565
7057
7037
5717
636
7042
4121
7053
862
2739
7906
6736
7049
1065
2760
3830
1327
1181
1174
1168
1161
1138
1121
1114
1106
1104
5832
7041
7045
7033
7032
7029
7028
7594
7577
863
7058
5326
2057
7036
7054
1159
805
7050
3341
7517
1079
7404
1173
7046
4935
1688
4367
7095
7094
7091
7090
7083
7082
7075
7074
1061
801
7855
7854
331
5822
5821
4168
4365
645
563
543
3960
3922
3738
3707
104
3786
5169
3241
1782
2899
3831
1073
339
2058
6615
4383
2740
5714
367
2723
4954
7400
7484
322
4936
4368
6660
5943
5942
6747
1069
6748
5416
1080
3887
6667
1525
1515
1501
1484
4366
6714
359
350
344
4122
6733
6749
6756
6776
3787
389
6655
2842
2246
394
5817
1322
489
462
434
401
82
79
78
77
69
68
67
3888
4960
5327
1067
4551
4384
653
564
4359
2900
2247
5596
5587
5579
5573
7069
2776
4185
2753
7163
2169
5582
4549
3875
5711
1621
4961
2133
4552
2849
5973
5971
5969
5927
5923
5922
5918
5914
5980
5975
5965
5947
5938
5935
5932
5930
5929
5925
5916
5913
1526
1516
1502
1485
5630
5617
5604
5591
6489
2672
3832
4264
5619
5606
5593
5584
86
2724
4459
5701
5608
5595
5586
5578
4550
4461
7166
4547
1328
1182
1175
1169
1162
1139
1122
1115
1107
1105
5597
5588
5580
5574
3876
7261
3810
1119
821
4022
4248
4467
5589
5581
5575
5572
4688
4798
632
5571
5569
5567
5565
3734
5570
5568
5566
5564
1679
5618
5605
5592
5583
7336
7240
5984
1160
806
81
75
74
73
61
60
7134
7923
6049
4476
1323
689
5530
2843
4548
3923
3708
7110
1904
1878
1852
1826
1134
6645
1728
159
5178
4360
7856
4955
1954
1480
6646
4460
1905
1879
1853
1827
4462
7391
5328
7047
3811
4023
4249
4468
4689
4799
5890
3735
368
7051
3218
7115
7034
7030
7055
490
463
435
402
7038
263
6658
7059
7043
4242
83
76
71
70
66
65
1045
1908
7106
4186
6529
7172
7154
7146
2134
6006
360
351
345
7096
7092
7084
7076
4589
4591
7097
2030
3371
4657
4477
3863
4099
4331
4565
4718
4834
2919
3849
1955
1481
268
105
721
720
719
713
710
709
708
4061
7141
7099
7071
4590
4592
2754
4243
1098
1025
3219
2333
3864
4100
4332
4566
4719
4835
1909
6022
6619
3850
7472
5831
3315
51
7558
80
72
64
63
59
58
7070
4658
2673
87
6649
7168
4265
6761
2242
1800
1680
4317
2031
2103
1478
1462
1450
1434
1384
1349
1339
1333
1331
3372
37
4621
2028
4318
633
3612
7399
6728
7133
6726
6725
6723
6710
6708
6707
6706
6705
6704
6703
6702
6701
6700
6698
6697
6696
6695
6694
6693
6692
6690
6689
1594
1432
717
716
715
705
701
700
38
1087
1019
7408
4994
4704
3145
2243
1801
7176
7158
1709
1685
1684
5181
877
865
851
820
2775
2483
4705
3146
7293
7280
4443
3613
7908
7281
6759
2266
3638
7300
7305
7181
4622
7118
6041
6545
1046
1084
1015
7117
7874
1066
3235
2029
5698
5696
5694
5692
7512
4770
7313
7189
2267
3639
4062
7072
380
723
718
712
711
707
706
5425
4706
3358
480
5407
333
2920
7341
4707
3359
7317
7201
3212
3204
3183
3177
2837
7301
1064
807
7004
5995
1078
1011
2018
2004
2001
269
2883
334
7876
7100
2484
1026
2256
6149
7340
1719
1686
7413
4389
2912
1766
1753
1742
1724
6752
6741
7321
7209
3236
2101
7409
4771
4995
7170
7152
7144
4444
3821
52
3808
722
714
704
703
699
698
2257
6561
4475
1072
1006
7386
2043
2324
2296
2292
2285
304
2104
1479
1463
1451
1435
1385
1350
1340
1334
1332
3234
814
1020
416
108
7325
7217
5188
3823
3819
3812
3809
3220
3216
4154
3805
3803
3723
4148
4142
4063
4059
4053
4047
4024
3934
3920
3916
3914
3912
3910
3908
3906
3903
3901
3898
3896
3893
3891
3889
3260
3251
3242
1595
1433
2019
2005
2002
990
3630
4257
1068
1003
544
4818
5550
5375
4390
7904
2394
7329
7225
2838
155
2022
2006
1016
3900
3631
2008
1988
1972
1956
4819
7513
846
7337
7241
2044
156
2238
2232
2224
2325
2297
2293
2286
1666
7870
4667
7333
7233
3362
568
7105
4555
7102
2884
5018
5545
3213
3205
3184
3178
2239
2233
2225
1012
6624
6647
6668
6715
6734
6750
5376
6553
2102
2395
2236
1307
7174
7156
4556
2507
2505
2503
2501
6763
4258
2040
2023
2007
1667
4377
2009
1989
1973
1957
7871
4694
1007
4051
692
596
3366
2237
4668
5189
4140
2508
2506
2504
2502
6772
6560
2428
2178
2174
2170
2166
2148
2131
2122
2116
2114
5377
1912
2511
7260
3976
3972
3968
3966
3221
3217
4155
3807
3806
3768
3765
4149
4143
4064
4060
4054
4048
4025
3935
3921
3917
3915
3913
3911
3909
3907
3904
3902
3899
3897
3894
3892
3890
2162
1952
7584
7572
1913
1004
2240
2234
5996
2222
2220
2218
2216
137
1308
5378
7109
2024
5019
2512
2041
4381
4720
5997
4378
2241
2235
6557
3363
4776
3367
2223
2221
2219
2217
847
4141
2493
4721
5398
1906
5999
5829
2274
2313
6764
5542
4465
6005
4382
4545
281
2025
5193
3636
3265
3252
1907
4313
7597
7580
2275
4052
1230
597
6383
6382
6381
6380
6379
6378
6377
6376
6375
6374
6373
6371
6370
6369
6366
6365
6364
6363
6361
6360
6359
6358
6356
6355
6354
6353
6351
6350
6349
6347
6346
6344
6284
6283
6282
6281
6280
6279
6278
6277
652
4777
4546
2179
2175
2171
2167
2149
2132
2123
2117
2115
4497
2867
5941
3905
5945
3637
6612
6610
6606
6601
3977
3973
3969
3967
4425
3769
3766
4411
4405
4295
4212
4209
4205
4203
4199
4197
4195
4193
4191
4189
4183
4181
4177
4175
4169
4152
4144
4138
4134
2163
1953
2380
4314
6512
6766
4498
2868
2264
2314
2494
4466
6758
4820
3266
3253
6586
6577
6569
6563
4778
6572
6762
2265
2038
7130
7903
6611
6607
6602
6595
6598
6591
6582
6573
6636
6634
6631
6629
6637
6635
6633
6630
5194
6579
6571
6565
6562
7502
3273
3261
6587
6578
6570
6564
6626
6594
6585
6576
6568
4821
6599
6592
6583
6574
2509
6604
6597
6590
6581
7275
7284
2381
4499
2829
4146
6735
6653
3964
3753
3670
3644
6864
2674
2665
2656
2645
1624
4782
4250
1231
1176
567
548
484
459
7905
2510
2487
2462
2452
2415
2347
2340
2315
2307
2284
4500
6716
6717
4779
6533
4426
7907
6961
6960
6959
6958
6957
6956
6955
6954
6953
6952
6951
6950
6949
6948
6947
6946
6945
6944
6943
6942
6941
6940
6939
6938
6937
6936
6935
6934
6933
6932
6931
6930
6919
6918
6917
6916
6915
6914
6913
6912
4412
4406
4296
4213
4210
4206
4204
4200
4198
4196
4194
4192
4190
4184
4182
4178
4176
4170
4153
4145
4139
4135
2344
2335
157
144
126
125
2039
3671
3645
4765
2527
2613
2591
2571
2559
2577
4774
3274
3262
5207
4375
3965
3754
2667
2658
2647
2633
2639
2625
2605
2583
2551
2547
2543
2538
2553
2549
2545
2541
2595
2575
2563
2555
4147
2528
2727
2615
2593
2573
2561
624
2777
2631
2611
2589
2569
2641
2627
2607
2585
4822
2651
2637
2623
2603
2036
2675
2666
2657
2646
1625
4783
2272
3782
4097
3855
1670
4938
3672
3646
4379
2830
5208
4823
4251
1796
1610
4098
3856
971
4766
2273
3918
198
2614
2592
2572
2560
3925
257
2441
2578
250
4315
4665
5084
5082
5080
5078
5076
5074
5072
5070
5068
5066
5064
5062
5060
5058
5056
5054
5052
5050
5048
5046
5044
5042
5040
5038
5036
5034
5032
5030
5028
5026
5024
5022
4984
4982
4980
4976
4974
4972
4970
4968
4661
4659
4448
4439
4437
4435
4433
4431
4429
4427
4423
4421
4417
4415
4409
4407
4403
4399
4397
4395
4391
4385
4361
3155
2907
2902
2895
2831
2827
2823
2821
2819
2817
2815
2813
2810
2808
2806
2804
2802
2798
2796
2787
2784
2782
2780
2755
2746
2741
2733
2725
2720
2706
2702
2601
2581
998
988
984
979
977
954
944
937
898
891
880
867
852
329
315
301
234
225
223
215
207
4775
242
7276
232
4376
3071
3045
3019
2993
3673
3647
1932
4824
2668
2659
2648
2634
2640
2626
2606
2584
2552
2548
2544
2539
2554
2550
2546
2542
5215
5166
2596
2576
2564
2556
2728
2616
2594
2574
2562
2778
2632
2612
2590
2570
2642
2628
2608
2586
2652
2638
2624
2604
2037
4316
5216
5167
4826
3072
3046
3020
2994
1933
4825
3783
3047
3021
2995
2969
4939
3085
4828
4380
4557
972
4369
3173
2052
1797
3919
199
3069
3043
3017
2991
3051
3025
2999
2973
3926
3053
3027
3001
2975
258
4827
3055
3029
3003
2977
2442
3057
3031
3005
2979
251
3091
4666
5085
5083
5081
5079
5077
5075
5073
5071
5069
5067
5065
5063
5061
5059
5057
5055
5053
5051
5049
5047
5045
5043
5041
5039
5037
5035
5033
5031
5029
5027
5025
5023
4985
4983
4981
4977
4975
4973
4971
4969
4662
4660
4449
4440
4438
4436
4434
4432
4430
4428
4424
4422
4418
4416
4410
4408
4404
4400
4398
4396
4392
4386
4362
3156
2908
2903
2896
2832
2828
2824
2822
2820
2818
2816
2814
2811
2809
2807
2805
2803
2799
2797
2788
2785
2783
2781
2756
2747
2742
2734
2726
2721
2707
2703
2602
2582
999
989
985
980
978
955
945
938
899
892
881
868
853
330
316
302
235
226
224
216
208
3059
3033
3007
2981
3117
3061
3035
3009
2983
243
3356
3048
3022
2996
2970
3063
3037
3011
2985
233
3065
3039
3013
2987
2270
3086
4829
4558
3853
3070
3044
3018
2992
7283
3052
3026
3000
2974
2063
3054
3028
3002
2976
3056
3030
3004
2978
4956
3058
3032
3006
2980
3092
3060
3034
3008
2982
3118
4559
3062
3036
3010
2984
3064
3038
3012
2986
3066
3040
3014
2988
2271
1284
1220
4093
740
4370
3174
2188
2053
4095
738
2525
4262
736
4724
5154
5152
5150
5148
5146
5144
5142
5140
5138
5136
5134
5132
5130
5128
5126
5124
5122
5120
5118
5116
5114
5112
5110
5108
5106
5104
5102
5100
5098
5096
5094
5092
5010
5008
5006
5004
5002
5000
4998
4996
4710
4708
4553
4543
4541
4539
4537
4535
4533
4531
4529
4527
4525
4523
4521
4519
4517
4515
4513
4509
4507
4505
4503
3610
3133
3127
3125
3123
3121
3099
3097
3095
3093
2967
2965
2963
2961
2959
2957
2955
2953
2951
2949
2947
2945
2943
2941
2939
2937
2935
2933
2931
2929
2927
2925
2923
1288
1286
1282
1272
1258
1254
1250
1246
1244
1242
1238
1236
1234
766
762
750
746
742
730
728
726
47
3854
734
732
4957
1675
4560
4263
1285
196
1676
4094
741
255
3357
4096
739
248
4491
3712
3608
2917
2846
2398
2189
2186
1023
1017
1013
1008
992
834
311
299
221
213
49
45
2526
625
737
240
4725
5155
5153
5151
5149
5147
5145
5143
5141
5139
5137
5135
5133
5131
5129
5127
5125
5123
5121
5119
5117
5115
5113
5111
5109
5107
5105
5103
5101
5099
5097
5095
5093
5011
5009
5007
5005
5003
5001
4999
4997
4711
4709
4554
4544
4542
4540
4538
4536
4534
4532
4530
4528
4526
4524
4522
4520
4518
4516
4514
4510
4508
4506
4504
3611
3134
3128
3126
3124
3122
3100
3098
3096
3094
2968
2966
2964
2962
2960
2958
2956
2954
2952
2950
2948
2946
2944
2942
2940
2938
2936
2934
2932
2930
2928
2926
2924
1289
1287
1283
1273
1259
1255
1251
1247
1245
1243
1239
1237
1235
767
763
751
749
747
743
731
729
727
48
197
230
735
733
256
249
4492
3713
3609
2918
2847
2500
2399
2187
1024
1018
1014
1009
993
835
312
300
222
214
50
46
241
2064
231
3634
2262
3635
2263
1221
1100
1101
5828
2825
2826
3352
3353
3632
3633
