634
1132
668
1133
1186
1364
1187
1365
1497
2144
1498
2145
2182
2323
2183
2341
640
2915
2914
1144
6679
2916
1145
6721
2905
1390
7899
1391
4207
2154
4208
2155
643
308
303
296
2327
1049
1047
1043
1152
1050
1048
1044
1153
1412
1413
2157
2158
2331
289
1037
1038
280
1032
1033
284
1035
1036
352
353
277
1030
1031
291
1041
1042
361
362
381
382
369
370
372
373
395
390
386
396
391
387
5671
5670
5672
6116
5508
5509
5601
5600
5510
5602
5480
5479
5659
5658
5643
5642
5481
5660
5644
5674
5673
5503
5675
5504
5505
6099
5685
5684
5473
5472
6113
6109
4636
5686
5474
5668
5667
5466
5465
5681
5680
4629
4623
4615
4637
5669
5467
5521
5682
178
5522
4630
4624
4616
5487
5486
5662
5661
5646
5645
179
5665
5664
5651
5650
5633
5632
5477
5476
5463
5462
5523
5495
5654
5653
5488
5678
5677
5514
5470
5469
5663
5494
5518
5647
5610
5609
5636
5635
5666
5652
5634
5478
5464
5515
5519
5622
5621
5484
5483
5625
5624
5655
5679
5471
5498
5496
5611
5637
5516
5499
5520
5623
5485
5626
5459
5458
5500
318
5613
5612
6096
6091
812
5460
6085
5614
6094
6088
6082
5491
6101
6089
6083
5492
6540
6536
6086
6080
4631
4619
4603
5493
6097
6110
6092
6105
6069
6067
6118
6117
6115
6111
6107
6068
6066
6541
6537
6108
6095
6070
6062
6114
4627
4605
6112
4632
4620
4604
4647
4652
6770
4698
4695
4670
4655
4638
4625
4617
4613
4672
4641
4635
6616
4642
4651
4649
6542
6538
6534
4678
4654
7912
7911
4628
4606
4653
6065
4747
4648
4734
4696
4671
4656
4626
4618
4614
4699
4741
4735
4673
6106
4738
6543
6539
6535
4751
4650
4679
4752
7818
4758
4633
6104
4646
6614
4634
4643
4742
4745
133
485
134
509
529
486
817
510
530
549
1077
1716
1083
1086
550
1630
1717
6786
1632
628
594
582
569
1636
1094
539
521
499
474
448
1960
1631
1633
629
1637
595
583
570
519
495
493
470
466
464
444
440
436
427
423
419
413
409
403
3179
3171
3167
1639
1961
2091
2094
274
271
220
3208
3201
3197
3191
3185
540
522
500
475
449
33
31
29
27
19
17
35
25
23
21
15
13
2099
244
236
227
218
211
192
191
190
189
186
185
184
183
180
176
169
166
165
162
158
1120
1113
1103
2322
1640
272
267
266
265
264
261
260
254
253
252
247
246
239
238
229
228
219
201
194
1165
2092
520
496
494
471
467
465
445
441
437
428
424
420
414
410
404
2095
3180
3172
3168
644
1209
951
783
3209
3202
3198
3192
3186
911
900
884
873
860
34
32
30
28
20
18
36
26
24
22
16
14
205
200
193
174
172
170
212
206
2100
2670
1658
1651
1646
2326
2108
1219
1217
1210
1204
1198
1112
1102
1093
1057
1056
1053
848
838
810
808
803
797
791
781
778
2330
1177
1229
1228
1226
1224
1222
1218
1214
1071
966
965
964
963
962
959
956
816
792
788
779
1664
897
882
879
871
869
866
858
856
854
843
841
839
831
829
823
245
237
202
195
2332
2671
1788
1780
1771
1759
1749
1227
1225
1223
828
822
815
3844
3839
3728
3726
3724
3721
3719
3717
2679
804
798
2109
1659
1652
1647
1718
2681
1665
1779
1769
1768
1757
1755
1754
1747
1745
1743
1738
1736
1734
1733
1731
1727
2685
811
809
784
780
2680
2003
2682
2334
7726
7722
7718
7714
2140
2129
2120
5390
3845
3840
3729
3727
3725
3722
3720
3718
2686
2172
2688
2141
2130
2121
7728
7727
7724
7723
7720
7719
7716
7715
4013
4012
4011
4008
4007
4006
3963
3961
2689
2339
2338
2337
2173
392
5417
7729
7725
7721
7717
4274
4269
4266
4261
4259
4256
4255
4252
2904
2695
2692
2690
7751
7746
2336
2774
2773
2772
2770
2768
2762
2751
2748
393
417
2696
2693
2691
6148
6147
6146
6144
6143
6142
6140
6138
6136
6133
6131
7713
128
639
638
627
7919
7918
7917
6141
6139
6137
6134
6130
6128
6127
6126
7753
7752
7748
7747
418
7947
7935
7934
7933
7932
6785
6784
6783
6782
6779
6778
2771
2769
2767
2761
2759
2750
2745
2732
5599
129
7750
1142
84
6870
6869
6868
6867
6866
6865
6832
6831
6830
6829
6826
6825
6824
6823
6822
6821
6820
6798
6797
6796
6795
6794
6793
6792
6791
6790
6789
6781
6780
6339
6334
6330
6276
6275
6272
6271
6269
6268
6267
6263
6262
6261
6260
6259
6258
6257
6256
6255
6254
6253
6252
6251
6250
6249
6248
6247
6246
6245
6244
6243
6242
6241
6240
6239
6238
6237
6235
6234
6230
6222
6221
6217
6216
6210
6209
6202
6174
6171
1140
1123
7754
7749
7916
7915
7913
6924
6923
6922
6921
6920
813
163
2536
7774
7826
6862
6861
6860
6859
6857
6856
6855
6854
6852
6851
6850
6849
6847
6846
6845
6844
6842
6841
6840
6839
6837
6836
6835
6834
6340
6338
6337
6336
6335
6333
6331
6328
6327
6326
6325
6324
6323
6321
6320
6319
6317
6316
6315
6314
6313
6312
6311
6310
6309
6307
6306
6303
6300
6298
6297
6296
6295
6294
6293
6292
6291
6289
6287
6274
6273
6270
6236
6232
6227
6215
6214
6211
6208
6207
6206
6205
6204
6203
6201
6200
6199
6198
6197
6196
6195
6194
6193
6192
6191
6190
6189
6188
6187
6186
6183
6182
6181
6180
6178
6177
6176
6173
6170
6169
6168
6167
6166
6165
6164
6163
6161
6160
6159
6158
6157
6156
6155
6154
6152
6151
6150
724
7838
7834
7830
1143
7951
7950
7949
7948
7946
7945
7931
7930
7929
7928
7927
7926
7914
6926
6833
6827
6818
6816
6814
6811
6808
6805
6803
6802
6800
6799
6393
6392
6391
1141
1124
1707
5795
5382
6812
6809
6806
6439
6438
6437
6436
6435
6308
6305
6304
6301
6299
6290
6288
6286
6233
6231
6229
6228
6226
6225
6224
6223
6220
6219
6218
6213
6212
6185
6184
6179
6175
6172
6162
6153
7776
7775
5676
6898
6897
6896
6895
6892
6891
6890
6889
6886
6885
6884
6883
6880
6879
6878
6877
6874
6873
6872
6871
6863
6858
6853
6848
6843
6838
7828
7827
1708
2599
2579
2557
7840
7839
7836
7835
7832
7831
6329
6322
6318
6302
7938
7937
6929
6928
6927
6819
6817
6815
6804
6801
1388
1386
1351
5716
6967
6966
6965
6964
6963
6813
6810
6807
6910
6909
6906
6905
6902
6901
1958
7777
7944
7943
7942
7941
7940
7939
6899
6893
6887
6881
6875
2600
2580
2558
665
7829
2482
7794
1959
6907
6903
6448
6446
6445
6429
6428
6427
6426
6387
2328
5830
5400
7841
7837
7833
1389
1387
1352
2418
6453
6452
6451
6450
6449
6386
6385
6384
7846
7842
338
2898
2391
6911
6900
6894
6888
6882
6876
7895
2329
2850
7796
7795
6969
6968
6908
6904
2152
1634
675
2150
2135
118
109
1185
5389
6975
6974
6973
6972
6971
6970
117
7848
7847
7844
7843
2684
2851
204
6443
6442
6441
6440
6432
6430
5858
5427
112
127
355
6456
6455
6444
6431
7797
114
113
110
679
115
111
1635
1189
2153
217
116
769
768
2151
2136
6461
6460
6459
6458
6457
6454
385
777
7849
7845
1125
5978
793
7850
1195
6977
6976
324
2042
5409
774
773
772
770
6093
775
771
1058
776
2304
6983
6982
6981
6980
6979
6978
2393
2390
400
5531
5528
5525
5958
5699
1689
2694
794
1201
321
7852
7851
375
1171
5527
507
398
5532
5529
5526
5908
5752
1572
5964
5534
5435
7853
2453
2451
2450
2446
2444
2438
342
527
1178
508
6011
5816
669
429
1573
5732
5722
5388
298
2434
2291
2878
2873
2866
2859
2852
2845
2445
2443
2437
2429
2425
2421
132
376
680
2054
6709
612
377
2844
2540
545
2449
2432
528
5240
1184
1946
2392
2891
2885
2879
2871
2864
2857
685
5726
6627
5538
799
2893
2874
1196
7021
565
6494
6040
5909
5408
364
3933
307
1645
1190
2892
2886
2880
2872
2865
2858
1947
407
546
1188
5384
5383
613
6462
1202
2894
2875
325
617
5892
1027
2087
2436
6495
2310
7254
566
399
800
397
5719
7023
7022
1207
4164
5835
332
130
327
5533
6984
7101
2088
969
85
5401
5397
6060
5968
2786
622
95
92
456
6493
7269
1194
175
173
171
168
7024
90
1582
7256
7255
88
5706
383
5861
5751
4478
405
748
167
1099
131
1090
5271
6511
6510
6509
6508
1108
970
1626
725
96
6661
91
1200
623
5203
5201
5199
5197
5195
5186
5184
5182
305
5854
5724
7271
7270
5428
5419
458
343
1110
1039
406
7060
6103
6008
2316
1583
7257
2374
2839
457
4697
135
5833
1116
676
1206
1005
606
259
5272
5705
691
5560
415
5862
3772
306
5683
506
620
349
328
5729
5204
5202
5200
5198
5196
5187
5185
5183
1154
1118
1126
607
581
5393
7272
7896
4644
551
365
547
5548
610
602
600
592
590
588
579
577
575
573
561
559
557
555
537
535
533
523
517
515
501
497
491
476
472
468
446
442
438
425
421
411
2317
2375
630
686
336
1950
5689
5697
5693
5961
5392
4786
1040
1034
981
209
337
41
5834
388
664
3310
89
5391
1532
991
6145
6039
5561
3773
5285
789
452
6659
2318
482
3281
2717
7039
481
1197
1627
604
541
525
503
478
450
123
121
786
384
787
5213
5212
5211
5210
5209
5192
5191
5190
5976
2287
1662
5415
1199
7123
7119
1095
1552
995
313
7697
262
366
5691
292
6480
5990
4645
552
7869
611
603
601
593
591
589
580
578
576
574
562
560
558
556
538
536
534
524
518
516
502
498
492
477
473
469
447
443
439
426
422
412
297
5549
796
631
6021
1203
6496
987
1193
7013
1951
6730
6532
4787
1656
982
210
164
2311
1536
1128
42
279
5893
1205
7858
2411
2619
7077
7005
310
802
5819
5813
1208
203
62
1613
6550
1534
986
983
975
974
973
790
782
5986
5287
1211
1212
483
2319
7246
7061
7017
1059
2406
1002
994
917
836
618
605
542
526
504
479
451
124
122
119
1146
6285
6059
5535
5221
5220
5219
5218
5217
5214
5206
5205
7352
7085
2288
1663
690
7857
293
953
947
946
941
940
939
934
931
930
929
927
926
923
922
910
909
906
901
896
895
885
883
878
874
872
870
859
857
855
842
840
830
2431
1553
160
1096
662
659
656
651
637
626
621
615
614
7821
7814
7810
7806
7802
7782
7778
7767
7763
7759
7738
7734
7680
7671
7547
7527
7431
7418
7414
7356
7250
7065
7009
7125
7124
7121
7120
2687
2424
2320
7699
7698
6483
6051
4784
3815
1213
1097
650
136
5524
3817
453
100
99
1155
4909
3931
2184
2176
1763
1729
1725
1476
1215
1191
1179
1172
687
683
681
677
673
2342
2427
1537
1074
7015
7014
2312
2655
5891
5875
1611
1720
2620
290
7079
7078
7007
7006
2731
2730
2729
1614
278
702
2423
2412
1535
6742
5318
619
6711
5754
5737
1060
5536
997
996
950
914
904
888
875
861
5872
918
837
7248
7247
7063
7062
7019
7018
101
1166
6505
6504
103
102
5814
2420
2410
1661
1660
1655
5238
5236
5234
5232
5230
5226
5224
5222
276
7380
5558
5555
5544
7885
2752
335
7182
371
1794
1793
1792
1791
1787
1786
1785
1781
1778
1777
1772
1770
1767
1760
1758
1756
1748
1746
1744
1737
1735
1732
1321
1318
1317
1314
1313
1312
1306
1305
1304
1303
5168
4728
3828
3360
3333
3324
3147
2889
2869
2855
2848
2480
2476
2472
2467
2458
7354
7353
7087
7086
2749
2722
2719
2718
2716
2715
2714
2713
2712
2711
2705
2704
2699
2698
2697
2683
2678
2669
2664
2537
2168
616
5885
5688
161
2414
1309
1327
1181
1174
1168
1161
1138
1121
1114
1106
1104
7742
7675
7543
7445
7422
7346
7342
7194
7126
7122
2417
2407
2321
120
2760
7823
7822
7816
7815
7812
7811
7808
7807
7804
7803
7784
7783
7780
7779
7769
7768
7765
7764
7761
7760
7740
7739
7736
7735
7700
7682
7681
7673
7672
7549
7548
7529
7528
7433
7432
7420
7419
7416
7415
7358
7357
7252
7251
7067
7066
7011
7010
6996
6740
5552
4785
3816
3203
1641
1159
1000
805
1710
5704
4910
3932
2185
2177
1764
1730
1726
1477
1216
1192
1180
1173
688
684
682
678
674
6507
4772
4767
4763
4759
4669
5883
5502
7016
5979
5851
2413
2403
98
3241
2409
1612
7910
1721
505
1944
374
346
339
331
314
309
104
7080
7008
5944
5943
5942
2405
2281
2086
5880
5876
5449
5447
5441
1088
367
7696
2159
5319
1795
1789
1783
1782
1774
1773
1762
1761
1751
1750
1739
1533
1531
1319
1315
1643
670
666
660
657
654
646
641
635
356
2435
1080
696
5537
359
350
344
1638
1703
6660
5543
7249
7064
7020
2400
2278
2073
2068
1994
97
82
79
78
77
69
68
67
632
624
7161
7139
153
151
149
147
145
142
140
138
5239
5237
5235
5233
5231
5227
5225
5223
2776
5879
5874
5700
1085
6506
5385
275
7773
7772
7771
7598
7568
7563
7394
7381
7373
7368
7288
7285
7273
5755
5746
5741
5740
5738
5559
5556
5554
5553
5546
5541
5539
1670
1604
1600
1598
1596
1590
1588
1586
1584
1580
1578
1576
1574
1568
1566
1564
1560
1558
1556
1554
1550
1548
1546
1544
1542
1540
1538
6037
2753
826
270
6729
5169
4729
3829
3697
3361
3334
3325
3148
2890
2870
2856
2849
2481
2477
2473
2468
2459
2469
2020
697
7355
7184
7183
7088
5980
5975
5973
5971
5969
5965
5947
5946
5938
5935
5932
5930
5929
5927
5925
5923
5922
5918
5916
5914
5913
5395
2710
2497
2492
2490
2489
2488
2302
2280
2169
1065
54
6615
2430
976
5703
389
2672
363
354
322
317
1328
1182
1175
1169
1162
1139
1122
1115
1107
1105
5878
5873
5853
5702
5701
1079
2298
7798
7790
7786
7755
7730
7709
7705
7515
7467
7458
7441
7437
7410
7397
7389
7364
7135
7824
7817
7813
7809
7805
7785
7781
7770
7766
7762
7744
7743
7741
7737
7683
7677
7676
7674
7550
7545
7544
7530
7447
7446
7434
7424
7423
7421
7417
7359
7348
7347
7344
7343
7253
7196
7195
7068
7012
6491
6332
6119
5985
5984
5983
5982
5981
5977
5974
5972
5970
5966
5948
5940
5939
5937
5936
5934
5933
5931
5928
5926
5921
5919
5917
5915
5912
5739
5418
5363
5308
5304
5300
5296
5291
5283
5279
5275
4264
4026
3960
3922
3738
3707
2496
2491
2308
2277
1642
1160
1061
806
801
81
75
74
73
61
60
1711
4954
4132
2460
2439
2142
2105
2096
1948
1699
1687
1682
1679
1163
1150
1148
1136
1130
86
1170
5381
2283
2426
7406
7402
7147
7131
5877
5869
3159
1073
408
695
1644
694
693
1945
1134
5718
5717
5714
5713
5711
5709
5707
7510
7503
7306
7298
2089
5809
5512
2422
5906
5871
5825
5812
5708
1220
1069
83
76
71
70
66
65
368
1681
1678
1677
6650
671
667
661
658
655
647
642
636
357
1001
7898
5810
5396
5687
360
351
345
1704
5903
5868
5849
5847
5840
5839
5838
5820
5818
5710
2084
2078
1067
721
720
719
713
710
709
708
268
633
625
5325
5259
5257
5255
5253
5251
5243
5241
5228
2919
154
152
150
148
146
143
141
139
7163
7162
7141
7140
6618
5511
3804
2419
2156
2147
2139
105
2021
7159
7514
7501
7500
7487
7475
7401
7396
7395
7393
7384
7350
7287
5736
5733
5725
5695
5547
5540
5413
5411
5406
1605
1601
1599
1597
1591
1589
1587
1585
1581
1579
1577
1575
1569
1567
1565
1561
1559
1557
1555
1551
1549
1547
1545
1543
1541
1539
358
827
326
7909
6751
2754
7056
7052
7048
7044
7040
7035
7031
7027
1098
1025
1045
5178
4846
4031
3835
3824
3822
3709
3698
3368
3341
3326
3315
2913
2911
2906
2901
2897
51
2300
7185
5920
5910
5905
5900
5898
5896
5895
5894
5848
5843
5842
5841
5482
5416
2333
80
72
64
63
59
58
55
7897
2299
2673
1010
4955
4133
2461
2440
2143
2106
2097
1949
1700
1688
1683
1680
1164
1151
1149
1137
1131
6658
6620
6619
5507
3802
2416
1075
2103
1478
1462
1450
1434
1384
1349
1339
1333
1331
7615
7611
7607
7603
7585
7496
7492
7488
7483
7478
7471
7385
7338
7334
7330
7326
7322
7318
7314
7310
7302
7294
7290
7281
7277
7242
7238
7234
7230
7226
7222
7218
7214
7210
7206
7202
7198
7190
7186
7178
7165
7093
7089
7081
7073
7800
7799
7792
7791
7788
7787
7757
7756
7745
7732
7731
7711
7710
7707
7706
7678
7546
7517
7516
7477
7469
7468
7460
7459
7448
7443
7442
7439
7438
7425
7412
7411
7399
7398
7391
7390
7366
7365
7349
7345
7197
7137
7136
7003
6767
6736
6728
6727
6726
6725
6723
6710
6708
6707
6706
6705
6704
6703
6702
6701
6700
6698
6697
6696
6695
6694
6693
6692
6690
6689
6544
6388
6341
6266
6132
6125
6079
6072
6057
6056
6054
6053
6031
6027
6026
6019
5993
5963
5954
5924
5911
5902
5901
5899
5897
5881
5870
5845
5844
5563
5489
5475
5404
5364
5309
5305
5301
5297
5292
5284
5280
5276
4944
4265
4260
3923
3708
2110
1594
1432
717
716
715
705
701
700
5402
87
2775
2535
1087
1019
6768
323
6497
648
2447
7408
7407
7404
7403
7149
7148
7133
7132
5501
3801
3160
2408
2128
1127
1117
1109
1082
2433
2098
1183
1158
1135
1084
1015
795
6041
7512
7511
7505
7504
7308
7307
7300
7299
5497
3800
2404
2146
2138
2127
1221
1089
1066
723
718
712
711
707
706
2090
263
5811
5326
5260
5258
5256
5254
5252
5244
5242
5229
2920
3224
3222
3212
3206
3204
3199
3183
3177
177
269
7894
6644
6642
6638
5822
5821
5490
5452
3962
3706
2282
1064
807
2883
2093
7164
7142
1157
1156
1092
1078
1011
5387
1026
1046
6759
7476
7449
7435
7383
7379
7378
7274
7263
7177
7102
7026
7025
6623
5410
2085
2081
2080
2079
2077
2076
2075
2074
2072
2071
2070
2069
2067
2066
2065
2062
2061
2060
2059
2056
2055
2051
2050
2049
2048
2047
653
645
568
564
563
543
394
380
159
2301
4994
4363
2909
2881
2485
2463
2454
2289
2164
2133
2112
2101
1722
1714
1712
1705
1701
7058
7057
7054
7053
7050
7049
7046
7045
7042
7041
7037
7036
7033
7032
7029
7028
6771
5181
4937
4281
4040
4030
4029
3928
3895
3836
3832
3825
3821
3405
3398
3397
3388
3381
52
7289
6678
6675
6673
6672
6651
5712
5394
3808
3703
2912
2495
2309
2279
2276
2119
1100
1081
846
722
714
704
703
699
698
3234
5421
1348
1147
1129
1091
1072
1006
814
304
7427
6773
2448
107
106
7872
2104
1479
1463
1451
1435
1385
1350
1340
1334
1332
7559
7555
7551
7462
7454
7450
7374
7369
7360
7265
7258
7173
7169
7155
7151
7143
7127
7115
7111
7107
7103
7097
7883
7873
7801
7793
7789
7758
7733
7712
7708
7617
7616
7613
7612
7609
7608
7605
7604
7589
7587
7586
7518
7498
7497
7494
7493
7490
7489
7485
7484
7480
7479
7473
7472
7470
7461
7444
7440
7429
7413
7400
7392
7387
7386
7367
7340
7339
7336
7335
7332
7331
7328
7327
7324
7323
7320
7319
7316
7315
7312
7311
7304
7303
7296
7295
7292
7291
7283
7282
7279
7278
7244
7243
7240
7239
7236
7235
7232
7231
7228
7227
7224
7223
7220
7219
7216
7215
7212
7211
7208
7207
7204
7203
7200
7199
7192
7191
7188
7187
7180
7179
7167
7166
7138
7095
7094
7091
7090
7083
7082
7075
7074
6962
6925
6828
6788
6787
6775
6774
6755
6754
6753
6752
6746
6745
6741
6739
6732
6720
6712
6699
6685
6684
6683
6680
6676
6666
6663
6652
6640
6561
6552
6551
6036
6002
5956
5886
5827
5824
5715
5690
5468
5461
5457
5456
5450
5448
5366
5365
5317
5316
5315
5313
5311
5293
5288
5286
4945
4806
4481
4475
4445
4442
4441
4211
4185
4154
4150
4148
4142
4063
4059
4053
4047
4024
3934
3920
3916
3914
3912
3910
3908
3906
3903
3901
3898
3896
3893
3891
3889
3846
3841
3838
3837
3834
3833
3823
3820
3819
3818
3812
3809
3805
3803
3723
3716
3694
3260
3251
3242
3220
3216
3195
3189
2294
2137
2126
2118
2111
2107
1595
1433
1070
608
598
586
584
571
553
531
513
511
489
487
462
460
434
432
430
401
454
6743
1020
649
2876
7409
7405
7150
7134
5436
5434
5432
5424
1111
1068
1003
544
273
5517
5453
5444
5438
1016
7513
7506
7309
7301
5429
5379
5327
5269
5267
5265
5263
5261
5249
5247
5245
3362
2884
3225
3223
3213
3207
3205
3200
3184
3178
6489
6478
6477
6476
6475
6474
6468
6467
6464
6024
5443
5442
5431
1012
347
7286
1076
7428
4995
4364
2910
2882
2486
2464
2455
2290
2165
2134
2113
2102
1723
1715
1713
1706
1702
689
6769
6760
7855
7854
7430
2779
2389
2384
2383
2382
2379
2378
2377
2376
2373
2372
2371
2370
2365
2364
2363
2361
2360
2359
2358
2353
2352
2349
2348
2346
2345
2343
5386
7059
7055
7051
7047
7043
7038
7034
7030
6772
5188
4978
4487
4293
4291
4167
4131
4121
4065
4061
4057
4051
3842
3704
3701
3699
3692
692
596
6737
6645
5506
5455
5454
5451
5445
5440
5423
5399
1101
847
480
7871
5439
5437
5430
1007
1530
1529
7862
761
760
7508
2428
2178
2174
2170
2166
2148
2131
2122
2116
2114
340
455
7701
7667
7663
7659
7655
7651
7647
7643
7639
7635
7631
7627
7623
7619
7599
7594
7590
7581
7577
7573
7569
7564
7539
7535
7531
7523
7519
7925
7890
7889
7884
7618
7614
7610
7606
7588
7561
7560
7557
7556
7553
7552
7499
7495
7491
7486
7481
7474
7464
7463
7456
7455
7452
7451
7426
7388
7376
7375
7371
7370
7362
7361
7341
7337
7333
7329
7325
7321
7317
7313
7305
7297
7293
7284
7280
7267
7266
7260
7259
7245
7241
7237
7233
7229
7225
7221
7217
7213
7209
7205
7201
7193
7189
7181
7175
7174
7171
7170
7168
7157
7156
7153
7152
7145
7144
7129
7128
7117
7116
7113
7112
7109
7108
7105
7104
7099
7098
7096
7092
7084
7076
6750
6734
6715
6668
6647
6646
6632
6624
6553
6547
6545
6447
6434
6433
6389
6343
6342
6265
6264
6135
6129
6124
6123
6122
6121
6120
6102
6100
6098
6077
6071
6063
6061
6055
6052
6050
6048
6047
6046
6045
6044
6043
6038
6034
6030
6029
6028
6025
6023
6020
6018
6017
6015
6010
6009
6007
5991
5989
5988
5987
5950
5949
5904
5887
5863
5860
5859
5855
5846
5832
5831
5829
5828
5826
5823
5815
5426
5420
5370
5367
5324
5323
5322
5321
5320
5314
5312
5310
4892
4891
4890
4889
4888
4887
4886
4885
4884
4881
4880
4877
4876
4875
4874
4873
4872
4871
4870
4869
4868
4867
4866
4865
4864
4863
4860
4859
4858
4857
4856
4855
4807
4773
4769
4768
4764
4760
4757
4750
4746
4694
4482
4186
4155
4151
4149
4143
4064
4060
4054
4048
4025
3982
3980
3976
3974
3972
3970
3968
3966
3935
3921
3917
3915
3913
3911
3909
3907
3904
3902
3899
3897
3894
3892
3890
3807
3806
3768
3765
3221
3217
3196
3190
2812
2789
2362
2295
2162
2124
1952
1728
1528
1527
1522
1517
1512
1511
1508
1503
1496
1495
1494
1491
1486
1475
1474
1473
1472
1471
1468
1461
1460
1457
1456
1455
1454
1449
1448
1445
1442
1441
1438
1437
1436
1431
1430
1425
1422
1419
1418
1415
1414
1411
1406
1401
1398
1395
1394
1383
1376
1371
1368
1357
1347
1338
1337
1330
1329
1326
1325
1324
1167
785
609
599
587
585
572
554
532
514
512
490
488
463
461
435
433
431
416
402
108
7069
2877
7351
5433
1004
137
5328
5270
5268
5266
5264
5262
5250
5248
5246
3363
4452
1698
7859
5018
4607
3269
3153
2899
2833
2739
2708
2498
2493
2483
2305
2180
2160
2045
1990
1942
93
6006
6005
6001
5999
5998
5997
5994
5992
5743
5422
7861
7893
7922
7920
7819
7695
7694
7693
7692
7691
7690
7689
7688
7687
7686
7685
7684
7679
6515
6514
6064
5189
4979
4488
4294
4292
4168
4122
4066
4062
4058
4052
3843
3705
3702
3700
3693
1230
597
7888
6383
6382
6381
6380
6379
6378
6377
6376
6375
6374
6373
6371
6370
6369
6366
6365
6364
6363
6361
6360
6359
6358
6356
6355
6354
6353
6351
6350
6349
6347
6346
6344
6284
6283
6282
6281
6280
6279
6278
6277
5852
5850
5657
5656
5649
5648
5641
5640
5639
5638
5631
5630
5629
5628
5627
5620
5619
5618
5617
5616
5615
5608
5607
5606
5605
5604
5603
5598
5597
5596
5595
5594
5593
5592
5591
5590
5589
5588
5587
5586
5585
5584
5583
5582
5581
5580
5579
5578
5577
5576
5575
5574
5573
5572
5571
5570
5569
5568
5567
5566
5565
5564
5407
5405
5403
5380
652
281
3157
6042
5888
2179
2175
2171
2167
2149
2132
2123
2117
2115
957
7923
7892
7891
7887
7886
7882
7881
7880
7879
7878
7877
7870
7856
7825
7703
7702
7669
7668
7665
7664
7661
7660
7657
7656
7653
7652
7649
7648
7645
7644
7641
7640
7637
7636
7633
7632
7629
7628
7625
7624
7621
7620
7601
7600
7596
7595
7592
7591
7583
7582
7579
7578
7575
7574
7571
7570
7566
7565
7562
7558
7554
7541
7540
7537
7536
7533
7532
7525
7524
7521
7520
7465
7457
7453
7377
7372
7363
7268
7264
7262
7261
7176
7172
7158
7154
7146
7130
7118
7114
7110
7106
7100
6738
6718
6681
6677
6674
6669
6656
6648
6559
6558
6556
6555
6554
6548
6546
6530
6524
6523
6520
6519
6518
6517
6513
6503
6502
6500
6492
6488
6487
6486
6485
6484
6482
6481
6479
6425
6424
6423
6422
6421
6420
6419
6418
6417
6416
6415
6414
6413
6412
6411
6410
6409
6408
6407
6406
6405
6404
6403
6402
6401
6400
6399
6398
6397
6396
6395
6394
6372
6368
6367
6362
6357
6352
6348
6345
6149
6090
6087
6084
6081
6078
6076
6075
6074
6073
6058
6035
6033
6032
6004
6003
6000
5996
5995
5960
5957
5955
5953
5952
5951
5945
5941
5907
5890
5889
5884
5867
5866
5865
5864
5857
5856
5817
5808
5807
5806
5805
5804
5803
5802
5801
5800
5799
5798
5797
5796
5794
5793
5792
5791
5790
5789
5788
5787
5786
5785
5784
5783
5782
5781
5780
5779
5778
5777
5776
5775
5774
5773
5772
5771
5770
5769
5768
5767
5766
5765
5764
5763
5762
5761
5760
5759
5758
5757
5756
5753
5750
5749
5748
5747
5745
5744
5742
5734
5727
5720
5513
5446
5425
5398
5368
5160
5088
5086
4988
4948
4946
4901
4899
4851
4792
4790
4788
4753
4743
4739
4736
4690
4686
4684
4682
4676
4674
4639
4479
4450
4443
4425
4413
4411
4405
4295
4288
4286
4284
4282
4279
4277
4246
4238
4232
4230
4228
4212
4209
4205
4203
4199
4197
4195
4193
4191
4189
4187
4183
4181
4177
4175
4169
4160
4152
4144
4138
4136
4134
4055
4049
4045
4043
4020
4018
4016
3998
3992
3986
3984
3983
3981
3977
3975
3973
3971
3969
3967
3929
3776
3769
3766
3296
2921
2842
2837
2829
2825
2800
2792
2790
2723
2163
2125
1953
1657
1650
1119
952
943
942
936
935
928
921
905
890
889
877
876
865
864
851
850
849
821
820
663
348
341
53
7071
7070
5019
4608
3270
3154
2900
2834
2740
2709
2499
2494
2484
2306
2181
2161
2046
1991
1943
6490
6473
6472
6471
6470
6469
6466
6465
6463
6022
94
3158
56
6777
6516
6501
6499
6498
5193
5020
4897
4849
4847
4692
4599
4476
4471
4469
4359
4272
4257
4253
4250
4041
4038
4036
4034
4032
3798
3767
3763
3761
3759
3757
3755
3751
3749
3747
3745
3743
3741
3739
2303
1322
1231
1176
932
924
915
907
893
818
567
548
484
459
672
2487
2462
2452
2415
2347
2340
2315
2307
2284
958
7936
7924
7921
7908
7907
7906
7905
7904
7903
7902
7901
7900
7876
7875
7874
7865
7860
7704
7670
7666
7662
7658
7654
7650
7646
7642
7638
7634
7630
7626
7622
7602
7597
7593
7584
7580
7576
7572
7567
7542
7538
7534
7526
7522
7509
7507
7502
7482
7466
7436
7382
7276
7275
7160
7004
7001
7000
6999
6998
6997
6995
6994
6993
6961
6960
6959
6958
6957
6956
6955
6954
6953
6952
6951
6950
6949
6948
6947
6946
6945
6944
6943
6942
6941
6940
6939
6938
6937
6936
6935
6934
6933
6932
6931
6930
6919
6918
6917
6916
6915
6914
6913
6912
6864
6776
6766
6765
6764
6763
6762
6761
6758
6757
6756
6749
6748
6747
6744
6733
6731
6724
6722
6719
6717
6716
6714
6713
6691
6688
6687
6686
6682
6671
6670
6667
6665
6664
6662
6657
6655
6654
6653
6649
6643
6641
6639
6637
6636
6635
6634
6633
6631
6630
6629
6628
6626
6625
6622
6621
6617
6613
6612
6611
6610
6609
6608
6607
6606
6605
6604
6603
6602
6601
6600
6599
6598
6597
6596
6595
6594
6593
6592
6591
6590
6589
6588
6587
6586
6585
6584
6583
6582
6581
6580
6579
6578
6577
6576
6575
6574
6573
6572
6571
6570
6569
6568
6567
6566
6565
6564
6563
6562
6560
6557
6549
6533
6531
6529
6528
6527
6526
6525
6522
6521
6512
6390
6016
6014
6013
6012
5967
5962
5959
5837
5836
5735
5731
5730
5728
5723
5721
5698
5696
5694
5692
5562
5557
5550
5545
5542
5530
5414
5412
5369
5161
5089
5087
4989
4949
4947
4902
4900
4852
4793
4791
4789
4754
4744
4740
4737
4691
4687
4685
4683
4677
4675
4640
4480
4451
4444
4426
4414
4412
4406
4296
4290
4289
4287
4285
4283
4280
4278
4247
4239
4233
4231
4229
4213
4210
4206
4204
4200
4198
4196
4194
4192
4190
4188
4184
4182
4178
4176
4170
4161
4153
4145
4139
4137
4135
4056
4050
4046
4044
4021
4019
4017
3999
3993
3987
3985
3930
3927
3924
3905
3900
3777
3297
2922
2843
2838
2830
2826
2801
2793
2791
2724
2344
2335
1790
1784
1776
1775
1766
1765
1753
1752
1742
1741
1740
1724
1719
1709
1686
1685
1684
1621
1320
1316
1311
1310
1302
990
157
144
126
125
7072
7002
6992
6991
6990
6989
6988
6987
6986
6985
6735
57
7868
7867
7866
7864
7863
7820
6049
5882
5551
5194
5021
4898
4850
4848
4693
4600
4477
4472
4470
4360
4273
4258
4254
4251
4042
4039
4037
4035
4033
3799
3764
3762
3760
3758
3756
3752
3750
3748
3746
3744
3742
3740
1796
1610
1323
933
925
916
908
894
819
5375
5371
5349
5347
5345
5343
5341
5333
5331
5329
5176
5164
5162
5090
5084
5082
5080
5078
5076
5074
5072
5070
5068
5066
5064
5062
5060
5058
5056
5054
5052
5050
5048
5046
5044
5042
5040
5038
5036
5034
5032
5030
5028
5026
5024
5022
4992
4990
4986
4984
4982
4980
4976
4974
4972
4970
4968
4952
4950
4940
4938
4935
4907
4905
4903
4893
4882
4878
4861
4853
4844
4804
4802
4800
4798
4796
4794
4782
4780
4778
4776
4774
4770
4765
4761
4748
4730
4688
4680
4667
4665
4663
4661
4659
4601
4597
4489
4485
4483
4473
4467
4465
4463
4461
4459
4457
4455
4453
4448
4446
4439
4437
4435
4433
4431
4429
4427
4423
4421
4419
4417
4415
4409
4407
4403
4401
4399
4397
4395
4393
4391
4389
4385
4383
4379
4377
4375
4371
4367
4365
4361
4357
4355
4353
4351
4275
4270
4267
4248
4244
4240
4236
4234
4220
4218
4216
4214
4201
4158
4156
4146
4140
4129
4127
4125
4123
4027
4022
4014
4009
4004
4002
4000
3994
3990
3988
3978
3925
3918
3830
3810
3796
3794
3792
3790
3788
3786
3784
3782
3780
3778
3774
3770
3736
3734
3732
3730
3714
3710
3454
3452
3450
3448
3446
3444
3442
3440
3438
3436
3434
3432
3430
3428
3426
3424
3422
3420
3418
3416
3414
3412
3410
3408
3406
3403
3401
3399
3395
3393
3391
3389
3386
3384
3382
3379
3377
3375
3373
3371
3369
3366
3364
3356
3354
3352
3350
3348
3346
3344
3342
3339
3337
3335
3329
3327
3320
3318
3316
3313
3311
3308
3306
3304
3302
3300
3298
3294
3292
3290
3288
3286
3284
3282
3279
3277
3275
3273
3271
3267
3265
3263
3261
3258
3256
3254
3252
3249
3247
3245
3243
3239
3237
3235
3230
3228
3226
3218
3214
3210
3193
3187
3181
3175
3169
3165
3163
3161
3155
3151
3149
3143
3141
3139
3137
3135
2907
2902
2895
2862
2860
2840
2835
2831
2827
2823
2821
2819
2817
2815
2813
2810
2808
2806
2804
2802
2798
2796
2794
2787
2784
2782
2780
2777
2765
2763
2757
2755
2746
2743
2741
2737
2735
2733
2727
2725
2720
2706
2702
2700
2676
2674
2667
2665
2662
2660
2658
2656
2653
2651
2649
2647
2645
2643
2641
2639
2637
2635
2633
2631
2629
2627
2625
2623
2621
2617
2615
2613
2611
2609
2607
2605
2603
2601
2597
2595
2593
2591
2589
2587
2585
2583
2581
2577
2575
2573
2571
2569
2567
2565
2563
2561
2559
2555
2553
2551
2549
2547
2545
2543
2541
2538
2441
2401
2396
2394
2387
2385
2380
2368
2366
2356
2354
2350
2324
2313
2296
2292
2285
2082
2063
2057
2043
2040
2038
2036
2034
2032
2030
2028
2026
2024
2022
2018
2016
2014
2012
2010
2008
2006
2004
2001
1997
1995
1992
1988
1986
1984
1982
1980
1978
1976
1974
1972
1970
1968
1966
1964
1962
1956
1954
1673
1668
1653
1628
1624
1622
1619
1617
1615
1602
1592
1525
1523
1520
1518
1515
1513
1509
1506
1504
1501
1499
1492
1489
1487
1484
1482
1480
1469
1466
1464
1458
1452
1446
1443
1439
1428
1426
1423
1420
1416
1409
1407
1404
1402
1399
1396
1392
1381
1379
1377
1374
1372
1369
1366
1362
1360
1358
1355
1353
1345
1343
1341
1335
1307
1062
1028
1021
998
988
984
979
977
971
967
960
954
948
944
937
912
902
898
891
886
880
867
852
844
832
824
378
329
319
315
301
282
257
250
242
234
232
225
223
215
207
198
187
181
5207
5158
4942
4919
4915
4895
4755
4732
4657
4621
4611
4609
4387
4381
4373
4369
4242
4179
4173
4171
4165
4162
3996
3964
3958
3956
3954
3952
3950
3948
3946
3944
3942
3940
3938
3936
3753
3232
3173
2052
1999
1908
1797
1671
1666
1608
1606
1570
1562
1280
1260
1256
1252
1248
1240
1054
1051
919
294
5376
5372
5350
5348
5346
5344
5342
5334
5332
5330
5177
5165
5163
5091
5085
5083
5081
5079
5077
5075
5073
5071
5069
5067
5065
5063
5061
5059
5057
5055
5053
5051
5049
5047
5045
5043
5041
5039
5037
5035
5033
5031
5029
5027
5025
5023
4993
4991
4987
4985
4983
4981
4977
4975
4973
4971
4969
4953
4951
4941
4939
4936
4908
4906
4904
4894
4883
4879
4862
4854
4845
4805
4803
4801
4799
4797
4795
4783
4781
4779
4777
4775
4771
4766
4762
4749
4731
4689
4681
4668
4666
4664
4662
4660
4602
4598
4490
4486
4484
4474
4468
4466
4464
4462
4460
4458
4456
4454
4449
4447
4440
4438
4436
4434
4432
4430
4428
4424
4422
4420
4418
4416
4410
4408
4404
4402
4400
4398
4396
4394
4392
4390
4386
4384
4380
4378
4376
4372
4368
4366
4362
4358
4356
4354
4352
4276
4271
4268
4249
4245
4241
4237
4235
4221
4219
4217
4215
4202
4159
4157
4147
4141
4130
4128
4126
4124
4028
4023
4015
4010
4005
4003
4001
3995
3991
3989
3979
3926
3919
3831
3811
3797
3795
3793
3791
3789
3787
3785
3783
3781
3779
3775
3771
3737
3735
3733
3731
3715
3711
3455
3453
3451
3449
3447
3445
3443
3441
3439
3437
3435
3433
3431
3429
3427
3425
3423
3421
3419
3417
3415
3413
3411
3409
3407
3404
3402
3400
3396
3394
3392
3390
3387
3385
3383
3380
3378
3376
3374
3372
3370
3367
3365
3357
3355
3353
3351
3349
3347
3345
3343
3340
3338
3336
3330
3328
3321
3319
3317
3314
3312
3309
3307
3305
3303
3301
3299
3295
3293
3291
3289
3287
3285
3283
3280
3278
3276
3274
3272
3268
3266
3264
3262
3259
3257
3255
3253
3250
3248
3246
3244
3240
3238
3236
3231
3229
3227
3219
3215
3211
3194
3188
3182
3176
3170
3166
3164
3162
3156
3152
3150
3144
3142
3140
3138
3136
2908
2903
2896
2863
2861
2841
2836
2832
2828
2824
2822
2820
2818
2816
2814
2811
2809
2807
2805
2803
2799
2797
2795
2788
2785
2783
2781
2778
2766
2764
2758
2756
2747
2744
2742
2738
2736
2734
2728
2726
2721
2707
2703
2701
2677
2675
2668
2666
2663
2661
2659
2657
2654
2652
2650
2648
2646
2644
2642
2640
2638
2636
2634
2632
2630
2628
2626
2624
2622
2618
2616
2614
2612
2610
2608
2606
2604
2602
2598
2596
2594
2592
2590
2588
2586
2584
2582
2578
2576
2574
2572
2570
2568
2566
2564
2562
2560
2556
2554
2552
2550
2548
2546
2544
2542
2539
2442
2402
2397
2395
2388
2386
2381
2369
2367
2357
2355
2351
2325
2314
2297
2293
2286
2083
2064
2058
2044
2041
2039
2037
2035
2033
2031
2029
2027
2025
2023
2019
2017
2015
2013
2011
2009
2007
2005
2002
1998
1996
1993
1989
1987
1985
1983
1981
1979
1977
1975
1973
1971
1969
1967
1965
1963
1957
1955
1674
1669
1654
1629
1625
1623
1620
1618
1616
1603
1593
1526
1524
1521
1519
1516
1514
1510
1507
1505
1502
1500
1493
1490
1488
1485
1483
1481
1470
1467
1465
1459
1453
1447
1444
1440
1429
1427
1424
1421
1417
1410
1408
1405
1403
1400
1397
1393
1382
1380
1378
1375
1373
1370
1367
1363
1361
1359
1356
1354
1346
1344
1342
1336
1308
1063
1029
1022
999
989
985
980
978
972
968
961
955
949
945
938
913
903
899
892
887
881
868
853
845
833
825
379
330
320
316
302
283
258
251
243
235
233
226
224
216
208
199
188
182
5208
5159
4943
4920
4916
4896
4756
4733
4658
4622
4612
4610
4388
4382
4374
4370
4243
4180
4174
4172
4166
4163
3997
3965
3959
3957
3955
3953
3951
3949
3947
3945
3943
3941
3939
3937
3754
3233
3174
2188
2053
2000
1909
1672
1667
1609
1607
1571
1563
1281
1261
1257
1253
1249
1241
1055
1052
920
295
5377
5373
5359
5357
5355
5353
5351
5339
5337
5335
5179
5174
5172
5156
5154
5152
5150
5148
5146
5144
5142
5140
5138
5136
5134
5132
5130
5128
5126
5124
5122
5120
5118
5116
5114
5112
5110
5108
5106
5104
5102
5100
5098
5096
5094
5092
5016
5014
5012
5010
5008
5006
5004
5002
5000
4998
4996
4966
4964
4960
4958
4956
4933
4931
4929
4925
4923
4921
4917
4913
4911
4842
4840
4838
4836
4834
4832
4830
4828
4826
4824
4822
4820
4818
4816
4814
4810
4724
4722
4720
4718
4716
4714
4712
4710
4708
4595
4593
4591
4589
4587
4585
4583
4581
4579
4577
4575
4573
4571
4569
4567
4565
4563
4561
4559
4557
4555
4553
4551
4549
4547
4545
4543
4541
4539
4537
4535
4533
4531
4529
4527
4525
4523
4521
4519
4517
4515
4513
4511
4509
4507
4505
4503
4501
4499
4349
4347
4345
4343
4341
4339
4337
4335
4333
4331
4329
4327
4325
4323
4321
4319
4315
4313
4311
4309
4307
4119
4117
4115
4113
4111
4109
4107
4105
4103
4101
4099
4095
4093
3887
3885
3883
3881
3879
3877
3875
3873
3871
3869
3867
3865
3863
3861
3859
3857
3853
3851
3849
3847
3690
3688
3686
3684
3682
3680
3678
3676
3674
3672
3670
3668
3666
3664
3662
3660
3658
3656
3654
3652
3650
3648
3646
3644
3642
3640
3638
3636
3634
3632
3630
3628
3626
3624
3622
3620
3618
3616
3614
3612
3610
3604
3602
3600
3598
3596
3594
3592
3590
3588
3586
3584
3582
3580
3578
3576
3574
3572
3570
3568
3566
3564
3562
3560
3558
3556
3554
3552
3550
3548
3546
3544
3542
3540
3538
3536
3534
3532
3530
3528
3526
3524
3522
3520
3518
3516
3514
3512
3510
3508
3506
3504
3502
3500
3498
3496
3494
3492
3490
3488
3486
3484
3482
3480
3478
3476
3474
3472
3470
3468
3466
3464
3462
3460
3458
3456
3133
3131
3129
3127
3125
3123
3121
3119
3117
3115
3113
3111
3109
3107
3105
3103
3101
3099
3097
3095
3093
3091
3089
3087
3085
3083
3081
3079
3077
3075
3073
3071
3069
3067
3065
3063
3061
3059
3057
3055
3053
3051
3049
3047
3045
3043
3041
3039
3037
3035
3033
3031
3029
3027
3025
3023
3021
3019
3017
3015
3013
3011
3009
3007
3005
3003
3001
2999
2997
2995
2993
2991
2989
2987
2985
2983
2981
2979
2977
2975
2973
2971
2969
2967
2965
2963
2961
2959
2957
2955
2953
2951
2949
2947
2945
2943
2941
2939
2937
2935
2933
2931
2929
2927
2925
2923
2533
2531
2529
2527
2525
2523
2521
2519
2517
2515
2513
2511
2509
2507
2505
2503
2501
2274
2272
2270
2268
2266
2264
2262
2260
2258
2256
2254
2252
2250
2248
2246
2244
2242
2240
2238
2236
2234
2232
2230
2226
2224
2222
2220
2218
2216
2214
2212
2210
2208
2206
2204
2202
2200
2198
2196
2194
2192
2190
1940
1938
1936
1934
1932
1926
1920
1918
1914
1910
1906
1904
1902
1900
1898
1896
1894
1892
1890
1888
1886
1884
1882
1880
1878
1876
1874
1872
1870
1868
1866
1864
1862
1860
1858
1856
1854
1852
1850
1848
1846
1844
1842
1840
1838
1836
1834
1832
1830
1828
1826
1824
1822
1820
1818
1816
1814
1812
1810
1808
1806
1804
1802
1800
1798
1300
1298
1296
1290
1288
1286
1284
1282
1278
1276
1274
1272
1270
1268
1266
1264
1262
1258
1254
1250
1246
1244
1242
1238
1236
1234
766
764
762
758
756
752
750
746
744
742
740
738
736
734
732
730
728
726
47
5361
5306
5302
5298
5294
5289
5281
5277
5273
5215
5170
5166
4962
4927
4812
4808
4726
4706
4704
4702
4700
4497
4495
4493
4491
4317
4305
4303
4301
4299
4297
4262
4226
4224
4222
4097
4091
4089
4087
4085
4083
4081
4079
4077
4075
4073
4071
4069
4067
3855
3826
3813
3712
3695
3608
3606
3358
3331
3322
3145
2917
2887
2867
2853
2846
2478
2474
2470
2465
2456
2398
2228
2189
2186
1930
1928
1924
1922
1916
1912
1696
1694
1692
1690
1675
1648
1294
1292
1232
1023
1017
1013
1008
992
862
834
754
333
311
299
287
285
255
248
240
230
221
213
196
155
49
45
43
39
37
11
9
7
5
3
1
5378
5374
5360
5358
5356
5354
5352
5340
5338
5336
5180
5175
5173
5157
5155
5153
5151
5149
5147
5145
5143
5141
5139
5137
5135
5133
5131
5129
5127
5125
5123
5121
5119
5117
5115
5113
5111
5109
5107
5105
5103
5101
5099
5097
5095
5093
5017
5015
5013
5011
5009
5007
5005
5003
5001
4999
4997
4967
4965
4961
4959
4957
4934
4932
4930
4926
4924
4922
4918
4914
4912
4843
4841
4839
4837
4835
4833
4831
4829
4827
4825
4823
4821
4819
4817
4815
4811
4725
4723
4721
4719
4717
4715
4713
4711
4709
4596
4594
4592
4590
4588
4586
4584
4582
4580
4578
4576
4574
4572
4570
4568
4566
4564
4562
4560
4558
4556
4554
4552
4550
4548
4546
4544
4542
4540
4538
4536
4534
4532
4530
4528
4526
4524
4522
4520
4518
4516
4514
4512
4510
4508
4506
4504
4502
4500
4350
4348
4346
4344
4342
4340
4338
4336
4334
4332
4330
4328
4326
4324
4322
4320
4316
4314
4312
4310
4308
4120
4118
4116
4114
4112
4110
4108
4106
4104
4102
4100
4096
4094
3888
3886
3884
3882
3880
3878
3876
3874
3872
3870
3868
3866
3864
3862
3860
3858
3854
3852
3850
3848
3691
3689
3687
3685
3683
3681
3679
3677
3675
3673
3671
3669
3667
3665
3663
3661
3659
3657
3655
3653
3651
3649
3647
3645
3643
3641
3639
3637
3635
3633
3631
3629
3627
3625
3623
3621
3619
3617
3615
3613
3611
3605
3603
3601
3599
3597
3595
3593
3591
3589
3587
3585
3583
3581
3579
3577
3575
3573
3571
3569
3567
3565
3563
3561
3559
3557
3555
3553
3551
3549
3547
3545
3543
3541
3539
3537
3535
3533
3531
3529
3527
3525
3523
3521
3519
3517
3515
3513
3511
3509
3507
3505
3503
3501
3499
3497
3495
3493
3491
3489
3487
3485
3483
3481
3479
3477
3475
3473
3471
3469
3467
3465
3463
3461
3459
3457
3134
3132
3130
3128
3126
3124
3122
3120
3118
3116
3114
3112
3110
3108
3106
3104
3102
3100
3098
3096
3094
3092
3090
3088
3086
3084
3082
3080
3078
3076
3074
3072
3070
3068
3066
3064
3062
3060
3058
3056
3054
3052
3050
3048
3046
3044
3042
3040
3038
3036
3034
3032
3030
3028
3026
3024
3022
3020
3018
3016
3014
3012
3010
3008
3006
3004
3002
3000
2998
2996
2994
2992
2990
2988
2986
2984
2982
2980
2978
2976
2974
2972
2970
2968
2966
2964
2962
2960
2958
2956
2954
2952
2950
2948
2946
2944
2942
2940
2938
2936
2934
2932
2930
2928
2926
2924
2534
2532
2530
2528
2526
2524
2522
2520
2518
2516
2514
2512
2510
2508
2506
2504
2502
2275
2273
2271
2269
2267
2265
2263
2261
2259
2257
2255
2253
2251
2249
2247
2245
2243
2241
2239
2237
2235
2233
2231
2227
2225
2223
2221
2219
2217
2215
2213
2211
2209
2207
2205
2203
2201
2199
2197
2195
2193
2191
1941
1939
1937
1935
1933
1927
1921
1919
1915
1911
1907
1905
1903
1901
1899
1897
1895
1893
1891
1889
1887
1885
1883
1881
1879
1877
1875
1873
1871
1869
1867
1865
1863
1861
1859
1857
1855
1853
1851
1849
1847
1845
1843
1841
1839
1837
1835
1833
1831
1829
1827
1825
1823
1821
1819
1817
1815
1813
1811
1809
1807
1805
1803
1801
1799
1301
1299
1297
1291
1289
1287
1285
1283
1279
1277
1275
1273
1271
1269
1267
1265
1263
1259
1255
1251
1247
1245
1243
1239
1237
1235
767
765
763
759
757
753
751
749
747
745
743
741
739
737
735
733
731
729
727
48
5362
5307
5303
5299
5295
5290
5282
5278
5274
5216
5171
5167
4963
4928
4813
4809
4727
4707
4705
4703
4701
4498
4496
4494
4492
4318
4306
4304
4302
4300
4298
4263
4227
4225
4223
4098
4092
4090
4088
4086
4084
4082
4080
4078
4076
4074
4072
4070
4068
3856
3827
3814
3713
3696
3609
3607
3359
3332
3323
3146
2918
2888
2868
2854
2847
2500
2479
2475
2471
2466
2457
2399
2229
2187
1931
1929
1925
1923
1917
1913
1697
1695
1693
1691
1676
1649
1295
1293
1233
1024
1018
1014
1009
993
863
835
755
334
312
300
288
286
256
249
241
231
222
214
197
156
50
46
44
40
38
12
10
8
6
4
2
