1298
948
598
248
1410
1060
710
360
1431
1081
731
381
1432
1082
732
382
1433
1083
733
383
1562
2
1367
1591
1600
317
599
249
1299
949
1573
1303
953
603
253
469
819
1169
1519
1017
1582
667
1313
963
613
263
468
818
1168
1518
1314
964
614
264
1315
965
615
265
1329
979
629
279
1330
980
630
280
318
1328
978
628
278
319
467
817
1167
1517
1472
1122
772
422
1469
1119
769
419
1471
1121
771
421
1468
1118
768
418
1473
1123
773
423
1470
1120
770
420
1443
1093
743
393
320
1444
1094
744
394
11
10
9
8
7
321
1445
1095
745
395
322
158
466
323
816
1166
1516
1320
970
620
270
1321
971
621
271
1319
969
619
269
1636
1624
465
815
1165
1515
1317
967
617
267
1607
1318
968
618
268
1605
1606
1604
1483
1434
1084
734
384
464
1316
966
616
266
814
1164
1514
1435
1085
735
385
1603
1436
1086
736
386
1212
862
512
162
463
813
1163
1513
668
462
812
1162
1512
80
78
76
74
72
70
68
66
62
60
58
56
54
52
50
48
1484
1378
669
1300
950
600
250
461
1407
811
1161
1511
1429
1079
729
379
670
1428
1078
728
378
755
1430
1080
730
380
1213
863
513
163
1437
1087
737
387
251
1105
1455
433
1438
1088
738
388
671
1018
1057
1439
1089
739
389
672
460
159
810
1160
1510
405
673
1404
1054
704
354
601
1019
1133
1408
951
358
1301
664
662
660
658
656
654
652
650
314
312
310
308
306
304
302
300
1453
1369
1058
707
160
1441
1091
741
391
708
1020
1440
1090
740
390
459
1478
1128
778
428
1368
1134
1479
1129
429
779
1477
1127
777
427
1028
1364
1362
1360
1358
1356
1354
1352
1350
1014
1012
1010
1008
1006
1004
1002
1000
357
809
1509
1159
1442
1092
742
392
1465
1115
765
415
783
1370
1466
1116
766
416
1467
1117
767
417
679
1029
1310
960
610
260
1312
962
612
262
1405
1055
705
355
1311
961
611
261
442
1021
1377
1488
1327
977
627
277
425
1475
1125
775
1022
1326
976
626
276
424
1474
1124
774
329
426
1476
1126
776
678
631
281
1331
981
441
148
1325
975
625
275
1023
1296
946
596
246
97
98
100
106
359
96
103
99
1409
1059
709
104
101
107
440
1214
864
514
164
105
102
1103
14
1371
12
1611
1610
1302
952
439
602
252
1609
1027
1608
633
283
1333
983
632
282
1332
982
582
232
1282
932
583
233
1283
933
585
581
235
231
1285
1281
935
931
1279
929
579
229
586
236
1286
936
94
584
234
1284
934
784
1280
930
1276
926
93
580
230
1372
576
226
1278
928
578
228
1273
923
1277
927
573
223
577
227
1275
925
575
225
1274
924
147
574
224
1270
920
1272
922
570
220
572
222
328
1271
921
1267
917
571
221
1269
919
567
217
569
219
95
1268
918
568
218
1266
916
566
216
677
1264
914
564
214
1265
915
565
215
1263
913
563
213
1493
1295
945
595
245
1309
959
609
259
1307
957
607
257
1308
958
608
258
1373
15
1346
996
646
296
753
13
1261
911
561
211
1262
912
145
562
212
327
1260
910
560
210
1343
993
643
293
1406
1056
706
356
17
16
1294
944
594
244
1403
1053
703
353
1401
1051
701
351
1138
403
1348
998
648
298
1347
997
647
297
1399
1049
699
349
1487
1288
938
588
238
149
82
64
1344
994
644
294
1345
995
645
295
1287
937
587
237
1293
943
593
243
1289
939
589
239
142
140
1306
956
606
256
1305
955
605
255
1304
954
604
254
6
1292
942
592
242
435
1374
20
1290
940
590
240
1258
908
591
241
1291
941
558
208
1259
909
559
209
1257
907
557
207
1143
1397
1047
697
347
83
65
1395
1045
695
345
1614
1393
1043
693
343
1462
1112
762
412
1464
1114
764
414
1463
1113
763
413
792
1506
1156
622
272
1322
972
1564
806
456
1391
1041
691
341
785
1137
1389
1039
689
339
788
1387
1037
687
337
4
624
274
1324
974
137
623
273
136
1323
973
119
139
138
1152
1151
1148
1145
1147
1146
1150
1149
1502
1501
1498
1495
1497
1496
1500
1499
116
118
117
1618
1622
1621
1615
802
801
798
795
797
796
800
799
1617
1616
476
479
473
1620
1619
115
497
494
114
1459
1109
759
409
477
480
826
482
474
829
1461
1111
761
411
823
1176
1526
1460
1110
760
410
498
495
1179
1529
1173
1523
1629
1626
1632
1633
847
844
1197
1194
1547
1544
478
827
453
483
481
830
475
824
1177
1527
832
1180
1530
499
496
1174
1524
1135
1182
1532
848
845
485
488
491
458
1195
1198
1548
1545
1628
1627
828
484
831
1427
1077
727
377
825
833
1423
1073
723
373
808
1425
1178
1075
725
375
1528
1158
1508
1181
1631
1630
1531
1175
1525
1183
1533
849
846
486
492
489
452
451
448
445
447
446
450
449
1199
1196
835
1549
1546
838
841
135
133
132
1185
1535
1191
1188
1538
1541
113
834
443
470
1184
1534
487
493
490
791
836
839
842
1456
1106
756
406
316
1186
1536
1192
1189
1539
1542
1494
1457
1107
757
407
1458
1385
1108
1035
758
685
408
335
820
471
1170
1520
1383
1033
683
333
1142
837
843
840
787
1187
1537
1193
1190
1540
1543
1381
1031
681
331
472
821
1375
112
1505
1171
1521
1155
1552
1202
852
502
805
455
822
1172
1522
111
793
1144
1551
1201
851
501
790
131
1417
1067
717
367
122
1421
1071
721
371
1419
1069
719
369
125
128
676
1486
1026
326
1550
1200
850
500
1412
803
124
121
127
1062
130
666
634
284
1334
984
401
1024
1136
538
535
532
529
526
523
520
517
188
185
182
179
176
173
170
167
537
534
531
528
525
522
519
516
187
184
181
178
175
172
169
166
1561
1211
1335
985
861
635
285
511
712
1559
1209
859
509
1560
1210
860
510
536
533
530
527
524
521
518
515
186
183
180
177
174
171
168
165
636
286
1336
986
134
1238
1235
1232
1229
1226
1223
1220
1217
888
885
882
879
876
873
870
867
1237
1234
1231
1228
1225
1222
1219
1216
887
884
881
878
875
872
869
866
786
110
92
47
1236
1233
1230
1227
1224
1221
1218
1215
886
883
880
877
874
871
868
865
789
123
120
108
129
126
1492
362
544
541
194
191
1244
1241
894
891
1243
1240
893
890
543
540
193
190
109
1242
1239
892
889
542
539
192
189
1153
436
1555
1205
855
505
1554
1204
854
504
1553
1025
1203
853
503
86
41
1558
1208
858
1338
988
638
288
508
1337
987
639
637
289
287
1557
1339
1207
989
857
1556
1206
856
507
506
85
40
1376
1503
554
204
1255
1254
905
904
556
555
206
205
1256
906
1613
1612
1454
1452
1449
1447
1446
1426
1424
1422
1420
1418
1416
1414
1413
1402
1400
1398
1396
1394
1392
1390
1388
1386
1384
1382
1380
1365
1363
1361
1359
1357
1355
1353
1351
1349
1297
1253
1252
1251
1250
1249
1248
1247
1246
1245
1104
1102
1099
1097
1096
1076
1074
1072
1070
1068
1066
1064
1063
1052
1050
1048
1046
1044
1042
1040
1038
1036
1034
1032
1030
1015
1013
1011
1009
1007
1005
1003
1001
999
947
903
902
901
900
899
898
897
896
895
754
752
749
747
746
726
724
722
720
718
716
714
713
702
700
698
696
694
692
690
688
686
684
682
680
665
663
661
659
657
655
653
651
649
597
553
552
551
550
549
548
547
546
545
404
402
399
397
396
376
374
372
370
368
366
364
363
352
350
348
346
344
342
340
338
336
334
332
330
315
313
311
309
307
305
303
301
299
247
203
202
201
200
199
198
197
196
195
38
37
36
35
34
33
32
31
30
29
28
27
26
25
24
23
22
21
19
18
1
152
150
153
151
156
141
157
146
144
143
90
45
400
751
91
46
89
88
44
43
87
42
71
53
84
39
1565
1101
69
51
1451
79
61
81
63
675
77
59
75
57
73
55
67
49
1016
1154
1504
1568
1571
1572
794
1366
1448
1098
748
398
1482
1132
782
432
325
1415
1065
715
365
1481
1131
781
431
437
1141
1602
1480
1130
780
430
674
1567
1566
1601
438
1140
1570
1569
1139
1379
804
454
324
1485
750
1623
1634
1491
1100
5
1507
1157
807
457
1490
1489
1577
1574
1580
1581
642
292
1342
992
640
290
1340
990
641
291
1341
991
1576
1575
1579
1578
444
1595
1592
1598
1599
1450
1586
1583
1589
1590
1635
1625
1594
1593
1597
1596
434
1585
1584
1587
1588
161
154
155
1411
1061
361
711
1563
3
