7
8
9
10
11
1214
864
514
164
1603
1604
1605
1606
1607
251
601
951
357
1302
952
602
252
1301
1213
1212
863
862
513
512
163
162
1300
950
600
250
707
403
1057
5
6
401
400
1299
949
599
249
12
13
14
15
358
708
1409
1407
1058
1059
1342
1341
1340
992
991
990
642
641
640
292
291
290
1339
1338
1337
989
988
987
639
638
637
289
288
287
1408
709
359
1336
1335
1334
986
985
984
636
635
634
286
285
284
85
40
86
41
84
39
91
46
90
45
69
51
71
53
67
49
87
42
81
63
79
61
73
55
1507
753
89
44
77
59
88
43
75
57
1157
1494
807
751
457
750
1144
794
444
1509
1159
809
459
1253
1252
1251
903
902
901
553
552
551
203
202
201
1250
1249
1248
900
899
898
550
549
548
200
199
198
1503
1506
1153
1156
1505
1247
1246
1245
897
896
895
547
546
545
197
196
195
1259
1258
1257
909
908
907
559
558
557
209
208
207
1103
803
1262
1261
1260
912
911
910
562
561
560
212
211
210
806
1265
1264
1263
915
914
913
565
564
563
215
214
213
453
456
1155
1268
1267
1266
918
917
916
568
567
566
218
217
216
1101
1100
1271
1270
1269
921
920
919
571
570
569
221
220
219
805
455
1274
1273
1272
924
923
922
574
573
572
224
223
222
1277
1276
1275
927
926
925
577
576
575
227
226
225
1280
1279
1278
930
929
928
580
579
578
230
229
228
1601
1283
1282
1281
933
932
931
583
582
581
233
232
231
1602
1286
1285
1284
936
935
934
586
585
584
236
235
234
1238
1237
1236
1235
1234
1233
1232
1231
1230
1223
1222
1221
1220
1219
1218
1217
1216
1215
888
887
886
885
884
883
882
881
880
873
872
871
870
869
868
867
866
865
538
537
536
535
534
533
532
531
530
523
522
521
520
519
518
517
516
515
188
187
186
185
184
183
182
181
180
173
172
171
170
169
168
167
166
165
1244
1243
1242
1241
1240
1239
1229
1228
1227
1226
1225
1224
894
893
892
891
890
889
879
878
877
876
875
874
544
543
542
541
540
539
529
528
527
526
525
524
194
193
192
191
190
189
179
178
177
176
175
174
1476
1475
1474
20
1543
1542
1541
1540
1539
1538
1537
1536
1535
1522
1521
1520
1608
1528
1527
1526
1525
1524
1523
1412
1534
1533
1532
1126
1125
1124
1479
1478
1477
1609
1549
1548
1547
1546
1545
1544
1531
1530
1529
1348
1347
1346
998
997
996
648
647
646
298
297
296
712
1610
139
137
138
136
1611
1555
1554
1553
1193
1192
1191
1190
1189
1188
1187
1186
1185
1172
1171
1170
135
134
133
132
1561
1560
1559
1345
1344
1343
995
994
993
645
644
643
295
294
293
1453
1178
1177
1176
1175
1174
1173
1184
1183
1182
776
775
774
1062
1129
1128
1127
1451
1199
1198
1197
1196
1195
1194
1181
1180
1179
426
425
424
1450
362
161
1205
1204
1203
843
842
841
840
839
838
837
836
835
822
821
820
493
492
491
490
489
488
487
486
485
472
471
470
1211
1210
1209
828
827
826
825
824
823
834
833
832
779
778
777
478
477
476
475
474
473
484
483
482
849
848
847
846
845
844
831
830
829
429
428
427
499
498
497
496
495
494
481
480
479
1455
855
854
853
505
504
503
861
860
859
1411
511
510
509
1105
1303
953
603
253
1061
317
755
433
711
318
319
405
361
667
783
442
441
440
439
323
322
321
320
1504
438
437
436
435
434
328
327
326
325
324
1482
1481
1480
1132
1131
1130
782
781
780
432
431
430
1558
1557
1556
329
1564
95
4
1614
1458
1457
1456
1108
1107
1106
758
757
756
408
407
406
1461
1460
1459
1111
1110
1109
761
760
759
411
410
409
668
669
1406
1056
706
356
1321
1320
1319
971
970
969
621
620
619
271
270
269
1510
1160
810
460
94
93
1464
1463
1462
1114
1113
1112
764
763
762
414
413
412
1154
1287
937
587
237
792
791
790
789
673
672
671
670
1288
938
588
238
1208
1207
1206
1017
1133
788
787
786
785
784
678
677
676
675
674
1502
1501
1500
1499
1498
1497
1496
1495
1324
1323
1322
974
973
972
624
623
622
274
273
272
1467
1466
1465
1117
1116
1115
767
766
765
417
416
415
679
1511
1161
811
461
1256
1255
1254
906
905
904
556
555
554
206
205
204
1289
939
589
239
1512
1162
812
462
1318
1317
1316
968
967
966
618
617
616
268
267
266
1385
1383
1381
1035
1033
1031
685
683
681
335
333
331
1290
940
590
240
119
118
117
1018
1019
804
1391
1389
1387
1041
1039
1037
691
689
687
341
339
337
1403
1401
1399
1053
1051
1049
703
701
699
353
351
349
858
857
856
1397
1395
1393
1047
1045
1043
697
695
693
347
345
343
508
507
506
1142
1141
1140
1139
1023
1022
1021
1020
454
1513
1163
813
463
1291
941
591
241
1367
1152
1151
1150
1149
1148
1147
1146
1145
1508
1158
808
458
1483
1138
1137
1136
1135
1134
1028
1027
1026
1025
1024
1292
942
592
242
1514
1164
814
464
1327
1326
1325
977
976
975
627
626
625
277
276
275
1029
1293
943
593
243
1294
944
594
244
1309
1308
1307
959
958
957
609
608
607
259
258
257
1515
1165
815
465
1368
1405
1404
1055
1054
705
704
355
354
1427
1425
1423
1421
1419
1417
1077
1075
1073
1071
1069
1067
727
725
723
721
719
717
377
375
373
371
369
367
116
115
114
1473
1472
1471
1470
1469
1468
1123
1122
1121
1120
1119
1118
773
772
771
770
769
768
423
422
421
420
419
418
1333
1332
1331
983
982
981
633
632
631
283
282
281
1369
1295
945
595
245
1306
1305
1304
956
955
954
606
605
604
256
255
254
1516
1166
816
466
1296
946
596
246
1330
1329
1328
980
979
978
630
629
628
280
279
278
1312
1311
1310
962
961
960
612
611
610
262
261
260
1448
1415
1098
1065
748
715
398
365
1492
1491
1490
1489
1373
1372
1371
1370
1517
1167
817
467
1488
1487
1486
1485
1484
1378
1377
1376
1375
1374
1635
1625
1379
1315
1314
1313
965
964
963
615
614
613
265
264
263
802
801
800
799
798
797
796
795
17
16
1518
1168
818
468
443
793
1143
1493
1519
1169
819
469
149
148
452
451
450
449
448
447
446
445
38
37
36
35
34
33
32
31
29
28
27
26
25
24
23
22
113
112
154
111
158
140
110
109
107
106
105
104
103
102
101
100
108
142
99
98
97
96
156
1552
1551
1550
1202
1201
1200
852
851
850
502
501
500
130
129
128
127
126
125
155
160
141
131
124
123
122
121
120
157
150
143
159
145
152
1
1430
1080
730
380
147
153
151
146
144
1634
1623
1366
1016
666
316
1439
1438
1437
1089
1088
1087
739
738
737
389
388
387
92
47
1633
1632
1631
1630
1629
1628
1627
1626
1622
1621
1620
1619
1618
1617
1616
1615
1433
1432
1431
1083
1082
1081
733
732
731
383
382
381
1436
1435
1434
1086
1085
1084
736
735
734
386
385
384
1442
1441
1440
1092
1091
1090
742
741
740
392
391
390
30
21
1445
1444
1443
1410
1095
1094
1093
1060
745
744
743
710
395
394
393
360
82
64
1429
1428
1079
1078
729
728
379
378
1562
1600
1599
1598
1597
1596
1595
1594
1593
1592
1591
1590
1589
1588
1587
1586
1585
1584
1583
1582
1581
1580
1579
1578
1577
1576
1575
1574
1573
1572
1571
1570
1569
1568
1567
1566
1565
1563
3
2
1364
1362
1360
1358
1356
1354
1352
1350
1014
1012
1010
1008
1006
1004
1002
1000
664
662
660
658
656
654
652
650
314
312
310
308
306
304
302
300
80
78
76
74
72
70
68
66
62
60
58
56
54
52
50
48
19
83
65
1613
1612
18
1298
948
598
248
1636
1624
1454
1452
1449
1447
1446
1426
1424
1422
1420
1418
1416
1414
1413
1402
1400
1398
1396
1394
1392
1390
1388
1386
1384
1382
1380
1365
1363
1361
1359
1357
1355
1353
1351
1349
1297
1104
1102
1099
1097
1096
1076
1074
1072
1070
1068
1066
1064
1063
1052
1050
1048
1046
1044
1042
1040
1038
1036
1034
1032
1030
1015
1013
1011
1009
1007
1005
1003
1001
999
947
754
752
749
747
746
726
724
722
720
718
716
714
713
702
700
698
696
694
692
690
688
686
684
682
680
665
663
661
659
657
655
653
651
649
597
404
402
399
397
396
376
374
372
370
368
366
364
363
352
350
348
346
344
342
340
338
336
334
332
330
315
313
311
309
307
305
303
301
299
247
