1029
1379
329
679
247
597
947
1297
248
598
948
1298
360
710
1060
1410
10
1606
1607
11
9
13
14
1610
1611
15
1609
12
1608
1605
8
1604
249
253
599
603
949
953
1299
1303
7
1573
463
813
1163
1513
464
814
1164
1514
465
815
1165
1515
466
816
1166
1516
467
817
1167
1517
468
818
1168
1518
469
819
1169
1519
462
812
1162
1512
1600
1591
461
811
1161
1511
1582
1603
3
1563
418
768
1118
1468
421
771
1121
1471
419
769
1119
1469
422
772
1122
1472
420
770
1120
1470
423
773
1123
1473
1017
1367
317
667
934
1284
234
584
931
1281
231
581
935
1285
235
585
932
1282
232
582
424
774
1124
1474
427
777
1127
1477
425
775
1125
1475
428
778
1128
1478
929
1279
926
1276
928
1278
923
1273
925
1275
922
1272
229
579
920
1270
226
576
223
573
919
1269
228
578
225
575
1081
1431
381
731
936
1286
236
586
933
1283
233
583
222
572
220
570
1082
1432
382
732
219
569
426
776
1126
1476
429
779
1129
1479
930
1280
917
1267
927
1277
924
1274
916
1266
979
1329
279
629
230
580
921
1271
217
567
227
577
224
574
216
566
978
1328
278
628
1083
1433
383
733
221
571
918
1268
980
1330
280
630
218
568
963
1313
263
613
970
1320
270
620
914
1264
913
1263
971
1321
271
621
214
564
969
1319
269
619
267
617
967
1317
213
563
915
1265
215
565
964
1314
264
614
268
618
968
1318
266
616
966
1316
965
1315
265
615
460
810
1160
1510
434
784
1134
1484
996
1346
296
646
1048
1398
348
698
6
1050
1400
350
700
1052
1402
352
702
911
1261
910
1260
211
561
210
560
318
912
1262
212
562
328
678
1028
1378
998
1348
298
648
297
647
997
1347
415
765
1115
1465
293
643
993
1343
1049
1399
349
699
416
766
1116
1466
417
767
1117
1467
351
701
1051
1401
353
703
1053
1403
320
399
749
1099
1449
994
1344
294
644
138
141
148
155
159
137
142
149
156
160
136
143
150
157
139
140
154
158
161
133
134
135
144
145
146
151
152
153
132
147
295
645
995
1345
319
321
322
323
459
809
1159
1509
400
750
1100
1450
1102
1452
402
752
1104
1454
404
754
1103
1453
403
753
5
2
1562
908
1258
907
1257
909
1259
208
558
668
207
557
209
559
1027
1377
327
677
260
610
960
1310
1133
1483
433
783
261
611
961
1311
262
612
962
1312
1105
1455
405
755
401
393
743
1093
1443
394
744
1094
1444
1623
361
711
1061
1411
342
692
1042
1392
992
1342
292
642
395
745
1095
1445
991
1341
291
641
990
1340
290
640
344
694
1044
1394
346
696
1046
1396
412
762
1112
1462
1634
281
631
981
1331
372
722
1072
1422
413
763
1113
1463
414
764
1114
1464
374
724
1074
1424
669
376
726
1076
1426
670
343
693
1043
1393
373
723
1073
1423
1018
345
695
1045
1395
347
697
1047
1397
1084
1434
384
734
375
725
1075
1425
387
737
1087
1437
103
106
97
100
104
107
98
101
1085
1435
385
735
388
738
1088
1438
102
105
96
99
671
377
727
1077
1427
1086
1436
386
736
389
739
1089
1439
257
607
957
1307
258
608
958
1308
442
259
609
959
1309
283
633
282
632
983
1333
982
1332
672
1066
1416
366
716
1068
1418
368
718
673
1070
1420
370
720
1368
336
686
1036
1386
1067
1417
367
717
338
688
1038
1388
409
759
1109
1459
340
690
1040
1390
238
588
938
1288
410
760
1110
1460
977
1327
277
627
976
1326
276
626
411
761
1111
1461
1069
1419
369
719
435
785
1135
1485
441
1636
1624
975
1325
275
625
1019
16
17
1071
1421
371
721
272
622
972
1322
1092
1442
392
742
1091
1441
391
741
476
479
482
485
488
491
494
497
473
440
1090
1440
390
740
237
587
937
1287
337
687
1037
1387
826
477
480
829
483
832
339
689
1039
1389
486
835
489
492
495
498
838
841
844
847
1176
1526
1179
1529
341
691
1041
1391
1182
1532
1185
823
1535
1188
1191
1194
1538
1197
1541
1544
1547
239
589
939
1289
474
1173
1523
439
827
830
470
833
836
839
1635
842
845
848
1177
1527
1180
1530
1183
478
1533
481
1186
1536
1189
1625
1192
1195
1539
1198
484
1542
1545
1548
487
490
824
493
496
499
1174
1524
475
1020
820
1170
1520
471
828
831
834
837
840
843
846
849
1178
1528
1181
1531
274
624
1184
273
623
974
1324
1534
973
1323
1187
1537
1190
1193
1540
1196
1199
1543
1546
1549
825
1175
1525
1369
821
1171
1521
472
443
240
590
940
1290
48
50
52
54
56
58
60
62
66
68
70
72
74
76
78
80
822
1172
1522
458
808
1158
1508
1021
444
256
606
956
1306
255
605
955
1305
4
1564
49
51
53
55
57
59
61
63
67
69
71
73
75
77
79
81
254
604
954
1304
241
591
941
1291
1022
93
162
250
354
357
378
455
512
600
704
707
728
805
862
950
1054
1057
1078
1155
1212
1300
1404
1407
1428
1505
406
756
1106
1456
407
757
1107
1457
751
408
758
1108
1458
242
592
942
1292
1023
94
163
251
355
358
379
456
513
601
705
708
729
806
863
951
1055
1058
1079
1156
1213
1301
1405
1408
1429
1506
1370
334
684
1034
1384
299
301
303
305
307
309
311
313
649
651
653
655
657
659
661
663
243
593
943
1293
332
682
1032
1382
244
594
944
1294
330
680
1030
1380
245
595
945
1295
246
596
946
1296
95
164
252
356
359
380
457
514
602
706
709
730
807
864
952
1056
1059
1080
1157
1214
1302
1406
1409
1430
1507
39
40
41
42
43
44
45
46
84
85
86
87
88
89
90
91
167
170
173
176
179
182
185
188
517
520
523
526
529
532
535
538
166
169
172
175
178
181
184
187
516
519
522
525
528
531
534
537
999
1001
1003
1005
1007
1009
1011
1013
1349
1351
1353
1355
1357
1359
1361
1363
165
168
171
174
177
180
183
186
515
518
521
524
527
530
533
536
300
302
304
306
308
310
312
314
650
652
654
656
658
660
662
664
335
685
1035
1385
333
683
1033
1383
1063
1413
363
713
396
746
1096
1446
331
681
1031
1381
1064
1414
364
714
867
870
873
876
879
882
885
888
1217
1220
1223
1226
1229
1232
1235
1238
866
869
872
875
878
881
884
887
1216
1219
1222
1225
1228
1231
1234
1237
365
715
1065
1415
1371
119
397
747
1097
1447
1000
1002
1004
1006
1008
1010
1012
1014
1350
1352
1354
1356
1358
1360
1362
1364
438
788
1138
1488
1489
865
868
871
874
877
880
883
886
1215
1218
1221
1224
1227
1230
1233
1236
118
1372
116
1493
117
122
125
128
131
445
446
447
448
449
450
451
452
795
796
797
798
799
800
801
802
20
1614
398
748
1098
1448
324
674
1024
1374
362
712
1062
1412
115
1373
1145
1146
1147
1148
1149
1150
1151
1152
1495
1496
1497
1498
1499
1500
1501
1502
1101
1139
114
1143
127
130
121
124
1494
792
1490
113
1144
191
194
541
544
891
894
1241
1244
190
193
540
543
890
893
1240
1243
1561
1211
861
511
1560
1210
860
510
126
129
120
123
1559
1209
859
509
1451
112
1140
502
852
1202
1552
505
855
1205
1555
453
110
501
851
1201
1551
504
854
1204
1554
789
793
1491
794
1596
1597
1587
1588
111
1578
1579
791
790
1593
1594
1584
1585
1602
500
850
1200
1550
503
853
1203
1553
109
189
192
539
542
889
892
1239
1242
1575
1576
1141
1599
1598
1592
1595
1590
1589
1583
1586
1581
1580
1574
1577
1569
1570
1142
1566
1567
1618
1615
1621
1622
108
1571
1572
1565
1568
1616
1617
1620
1619
1492
1601
1629
1626
1632
1633
437
787
1137
1487
803
64
82
326
676
1026
1376
1627
1628
1630
1631
65
83
315
665
1503
1153
316
666
325
675
1025
1375
436
786
1136
1486
454
804
986
1336
286
636
989
1339
289
639
985
1335
285
635
988
1338
288
638
431
781
1131
1481
432
782
1132
1482
984
1334
284
634
430
780
1130
1480
287
637
987
1337
1558
1208
858
508
1557
1207
857
1556
1206
856
507
506
47
92
1015
1365
204
554
904
1016
1254
1366
205
555
905
1255
206
556
906
1256
1154
1504
198
201
548
551
898
901
1248
1251
199
200
202
203
549
550
552
553
899
902
1249
1252
900
903
1250
1253
1
18
19
21
22
23
24
25
26
27
28
29
30
31
32
33
34
35
36
37
38
195
196
197
545
546
547
895
896
897
1245
1246
1247
1612
1613
