7
1214
864
514
164
1603
251
601
951
357
1302
952
602
252
1301
1213
863
513
163
1300
950
600
250
707
403
1057
5
401
1299
949
599
249
12
358
708
1409
1058
1342
992
642
292
1339
989
639
289
1408
709
359
1336
986
636
286
85
40
86
41
84
39
91
46
90
45
69
51
71
53
67
49
87
42
81
63
79
61
73
55
1507
753
89
44
77
59
88
43
75
57
1157
1494
807
751
457
750
1144
794
444
1509
1159
809
459
1253
903
553
203
1250
900
550
200
1503
1506
1153
1156
1505
1247
897
547
197
1259
909
559
209
1103
803
1262
912
562
212
806
1265
915
565
215
453
456
1155
1268
918
568
218
1101
1271
921
571
221
805
455
1274
924
574
224
1277
927
577
227
1280
930
580
230
1601
1283
933
583
233
1602
1286
936
586
236
1238
888
538
188
1244
894
544
194
1476
20
1543
1608
1528
1412
1534
1126
1479
1609
1549
1348
998
648
298
712
1610
139
1611
1555
1193
135
1561
1345
995
645
295
1453
1178
776
1062
1129
1451
1199
426
1450
362
161
1205
843
493
1211
828
779
478
849
429
499
1455
855
505
861
1411
511
1105
1303
953
603
253
1061
317
755
433
711
318
319
405
361
667
783
442
441
440
439
323
322
321
320
1504
438
437
436
435
434
328
327
326
325
324
1482
1132
782
432
1558
329
1564
95
4
1614
1458
1108
758
408
1461
1111
761
411
668
669
1406
1056
706
356
1321
971
621
271
1510
1160
810
460
94
93
1464
1114
764
414
1154
1287
937
587
237
792
791
790
789
673
672
671
670
1288
938
588
238
1208
1017
1133
788
787
786
785
784
678
677
676
675
674
1502
1501
1500
1499
1498
1497
1496
1495
1324
974
624
274
1467
1117
767
417
679
1511
1161
811
461
1256
906
556
206
1289
939
589
239
1512
1162
812
462
1318
968
618
268
1385
1035
685
335
1290
940
590
240
119
118
117
1018
1019
804
1391
1041
691
341
1403
1053
703
353
858
1397
1047
697
347
508
1142
1141
1140
1139
1023
1022
1021
1020
454
1513
1163
813
463
1291
941
591
241
1367
1152
1151
1150
1149
1148
1147
1146
1145
1508
1158
808
458
1483
1138
1137
1136
1135
1134
1028
1027
1026
1025
1024
1292
942
592
242
1514
1164
814
464
1327
977
627
277
1029
1293
943
593
243
1294
944
594
244
1309
959
609
259
1515
1165
815
465
1368
1405
1055
705
355
1427
1421
1077
1071
727
721
377
371
116
115
114
1473
1470
1123
1120
773
770
423
420
1333
983
633
283
1369
1295
945
595
245
1306
956
606
256
1516
1166
816
466
1296
946
596
246
1330
980
630
280
1312
962
612
262
1448
1415
1098
1065
748
715
398
365
1492
1491
1490
1489
1373
1372
1371
1370
1517
1167
817
467
1488
1487
1486
1485
1484
1378
1377
1376
1375
1374
1635
1379
1315
1314
1313
965
964
963
615
614
613
265
264
263
802
801
800
799
798
797
796
795
17
1518
1168
818
468
443
793
1143
1493
1519
1169
819
469
149
148
452
451
450
449
448
447
446
445
38
37
36
35
34
33
32
31
29
28
27
26
25
24
23
22
113
112
154
111
158
140
110
109
107
106
105
104
103
102
101
100
108
142
99
98
97
96
156
1552
1551
1550
1202
1201
1200
852
851
850
502
501
500
130
129
128
127
126
125
155
160
141
131
124
123
122
121
120
157
159
145
1
1430
1080
730
380
147
153
151
146
144
1634
1623
1366
1016
666
316
1439
1438
1437
1089
1088
1087
739
738
737
389
388
387
92
47
1633
1631
1629
1627
1622
1620
1618
1616
1433
1432
1431
1083
1082
1081
733
732
731
383
382
381
1436
1435
1434
1086
1085
1084
736
735
734
386
385
384
1442
1441
1440
1092
1091
1090
742
741
740
392
391
390
30
21
1445
1444
1443
1410
1095
1094
1093
1060
745
744
743
710
395
394
393
360
82
64
1429
1428
1079
1078
729
728
379
378
1562
1600
1599
1598
1597
1596
1595
1594
1593
1592
1591
1590
1589
1588
1587
1586
1585
1584
1583
1582
1581
1580
1579
1578
1577
1576
1575
1574
1573
1572
1571
1570
1569
1568
1567
1566
1565
1563
3
2
1364
1362
1360
1358
1356
1354
1352
1350
1014
1012
1010
1008
1006
1004
1002
1000
664
662
660
658
656
654
652
650
314
312
310
308
306
304
302
300
80
78
76
74
72
70
68
66
62
60
58
56
54
52
50
48
19
83
65
1613
18
1298
948
598
248
1636
1624
1454
1452
1449
1447
1446
1426
1424
1422
1420
1418
1416
1414
1413
1402
1400
1398
1396
1394
1392
1390
1388
1386
1384
1382
1380
1365
1363
1361
1359
1357
1355
1353
1351
1349
1297
1104
1102
1099
1097
1096
1076
1074
1072
1070
1068
1066
1064
1063
1052
1050
1048
1046
1044
1042
1040
1038
1036
1034
1032
1030
1015
1013
1011
1009
1007
1005
1003
1001
999
947
754
752
749
747
746
726
724
722
720
718
716
714
713
702
700
698
696
694
692
690
688
686
684
682
680
665
663
661
659
657
655
653
651
649
597
404
402
399
397
396
376
374
372
370
368
366
364
363
352
350
348
346
344
342
340
338
336
334
332
330
315
313
311
309
307
305
303
301
299
247
8
9
10
11
1604
1605
1606
1607
1212
862
512
162
6
400
13
14
15
1407
1059
1341
1340
991
990
641
640
291
290
1338
1337
988
987
638
637
288
287
1335
1334
985
984
635
634
285
284
1252
1251
902
901
552
551
202
201
1249
1248
899
898
549
548
199
198
1246
1245
896
895
546
545
196
195
1258
1257
908
907
558
557
208
207
1261
1260
911
910
561
560
211
210
1264
1263
914
913
564
563
214
213
1267
1266
917
916
567
566
217
216
1100
1270
1269
920
919
570
569
220
219
1273
1272
923
922
573
572
223
222
1276
1275
926
925
576
575
226
225
1279
1278
929
928
579
578
229
228
1282
1281
932
931
582
581
232
231
1285
1284
935
934
585
584
235
234
1237
1236
1235
1234
1233
1232
1231
1230
1223
1222
1221
1220
1219
1218
1217
1216
1215
887
886
885
884
883
882
881
880
873
872
871
870
869
868
867
866
865
537
536
535
534
533
532
531
530
523
522
521
520
519
518
517
516
515
187
186
185
184
183
182
181
180
173
172
171
170
169
168
167
166
165
1243
1242
1241
1240
1239
1229
1228
1227
1226
1225
1224
893
892
891
890
889
879
878
877
876
875
874
543
542
541
540
539
529
528
527
526
525
524
193
192
191
190
189
179
178
177
176
175
174
1475
1474
1542
1541
1540
1539
1538
1537
1536
1535
1522
1521
1520
1527
1526
1525
1524
1523
1533
1532
1125
1124
1478
1477
1548
1547
1546
1545
1544
1531
1530
1529
1347
1346
997
996
647
646
297
296
137
138
136
1554
1553
1192
1191
1190
1189
1188
1187
1186
1185
1172
1171
1170
134
133
132
1560
1559
1344
1343
994
993
644
643
294
293
1177
1176
1175
1174
1173
1184
1183
1182
775
774
1128
1127
1198
1197
1196
1195
1194
1181
1180
1179
425
424
1204
1203
842
841
840
839
838
837
836
835
822
821
820
492
491
490
489
488
487
486
485
472
471
470
1210
1209
827
826
825
824
823
834
833
832
778
777
477
476
475
474
473
484
483
482
848
847
846
845
844
831
830
829
428
427
498
497
496
495
494
481
480
479
854
853
504
503
860
859
510
509
1481
1480
1131
1130
781
780
431
430
1557
1556
1457
1456
1107
1106
757
756
407
406
1460
1459
1110
1109
760
759
410
409
1320
1319
970
969
620
619
270
269
1463
1462
1113
1112
763
762
413
412
1207
1206
1323
1322
973
972
623
622
273
272
1466
1465
1116
1115
766
765
416
415
1255
1254
905
904
555
554
205
204
1317
1316
967
966
617
616
267
266
1383
1381
1033
1031
683
681
333
331
1389
1387
1039
1037
689
687
339
337
1401
1399
1051
1049
701
699
351
349
857
856
1395
1393
1045
1043
695
693
345
343
507
506
1326
1325
976
975
626
625
276
275
1308
1307
958
957
608
607
258
257
1404
1054
704
354
1425
1423
1419
1417
1075
1073
1069
1067
725
723
719
717
375
373
369
367
1472
1471
1469
1468
1122
1121
1119
1118
772
771
769
768
422
421
419
418
1332
1331
982
981
632
631
282
281
1305
1304
955
954
605
604
255
254
1329
1328
979
978
629
628
279
278
1311
1310
961
960
611
610
261
260
1625
16
150
143
152
1632
1630
1628
1626
1621
1619
1617
1615
1612
