1454
1452
1449
1447
1446
1426
1424
1422
1420
1418
1416
1414
1413
1402
1400
1398
1396
1394
1392
1390
1388
1386
1384
1382
1380
1365
1363
1361
1359
1357
1355
1353
1351
1349
1297
1104
1102
1099
1097
1096
1076
1074
1072
1070
1068
1066
1064
1063
1052
1050
1048
1046
1044
1042
1040
1038
1036
1034
1032
1030
1015
1013
1011
1009
1007
1005
1003
1001
999
947
754
752
749
747
746
726
724
722
720
718
716
714
713
702
700
698
696
694
692
690
688
686
684
682
680
665
663
661
659
657
655
653
651
649
597
404
402
399
397
396
376
374
372
370
368
366
364
363
352
350
348
346
344
342
340
338
336
334
332
330
315
313
311
309
307
305
303
301
299
247
1
1608
1602
1609
1601
1610
1611
811
1161
1511
461
1510
1160
810
460
812
1162
1512
462
454
463
813
1163
1513
1415
1065
715
365
1448
1098
748
398
161
464
814
1164
1514
1504
1154
1381
1031
681
331
1385
1035
685
335
1383
1033
683
333
138
139
136
137
804
134
135
133
132
1387
1037
687
337
1391
1041
691
341
1389
1039
689
339
1393
1043
693
343
1397
1047
697
347
1395
1045
695
345
1417
1067
717
367
1421
1071
721
371
1419
1069
719
369
1423
1073
723
373
1425
1075
725
375
1427
1077
727
377
1468
1118
768
418
1470
1120
770
420
1469
1119
769
419
1471
1121
771
421
1473
1123
773
423
1472
1122
772
422
1296
946
596
246
1399
1049
699
349
1403
1053
703
353
1401
1051
701
351
1257
907
1259
909
1258
908
557
207
559
209
558
208
1260
910
1262
912
1261
911
560
210
562
212
561
211
815
1165
1515
465
1263
913
1265
915
1264
914
563
213
565
215
564
214
6
5
1266
916
1268
918
1267
917
566
216
568
218
567
217
1269
919
1271
921
1270
920
569
219
571
221
570
220
1272
922
1274
924
1273
923
572
222
574
224
573
223
1343
993
643
293
1344
994
1345
995
294
644
645
295
1406
1056
706
356
1275
925
1277
927
1276
926
575
225
577
227
576
226
1278
928
1280
930
1279
929
578
228
580
230
579
229
1405
1055
705
355
1281
931
1283
933
1282
932
581
231
583
233
582
232
1247
897
1245
895
1246
896
197
547
545
195
546
196
1295
945
595
245
1404
1054
704
354
1284
934
1286
936
1285
935
584
234
586
236
585
235
12
1603
633
283
1333
983
632
282
1332
982
1604
631
281
1331
981
13
616
266
1316
966
618
268
1318
968
617
267
1317
967
816
1166
1516
466
1605
1328
978
628
278
1330
980
630
280
1329
979
629
279
1606
1298
948
598
248
1607
14
1294
944
15
594
244
1250
900
1248
898
1249
899
4
550
200
548
198
549
199
1253
903
1251
901
1252
902
553
203
551
201
552
202
405
1223
1220
1217
873
870
867
1238
1235
1232
888
885
882
1222
1219
1216
872
869
866
1237
1234
1231
887
884
881
1221
1218
1215
871
868
865
1236
1233
1230
886
883
880
523
520
517
173
170
167
538
535
532
188
185
182
522
519
516
172
169
166
537
534
531
187
184
181
521
518
515
171
168
165
536
533
530
186
183
180
1324
974
1323
973
624
274
623
273
1229
1226
879
876
1228
1225
878
875
1322
972
1227
1224
877
874
622
272
1244
1241
894
891
529
526
179
176
1243
1240
893
890
528
525
178
175
527
524
177
174
1242
1239
892
889
544
541
194
191
543
540
193
190
542
539
192
189
1348
998
1347
997
648
298
647
297
1346
996
646
296
75
57
77
59
1339
989
1337
987
1338
988
639
289
637
287
638
288
1341
991
1340
990
1342
992
641
291
640
290
642
292
1336
986
1335
985
1334
984
636
286
635
285
634
284
88
43
89
44
1293
943
593
243
71
53
67
49
79
61
81
63
73
55
1455
69
51
1105
86
41
90
45
84
39
91
46
87
42
85
40
1509
1159
809
1292
942
592
242
459
755
1291
941
591
241
1450
400
401
1100
1290
940
590
240
1289
939
589
239
1451
750
1101
751
1288
938
588
238
1214
864
514
164
1287
937
587
237
817
1167
1517
467
1302
952
602
252
403
1213
863
513
163
1319
969
619
269
1321
971
621
271
1320
970
620
270
1564
7
753
1212
862
512
162
8
9
1300
950
600
250
10
1325
975
625
275
1326
976
1256
906
1254
904
1255
905
626
276
1327
977
627
277
556
206
554
204
555
205
11
1103
603
253
1303
953
1456
1106
756
406
1458
1108
758
408
1457
1107
757
407
1301
1462
1112
762
412
1463
1113
763
413
1464
1114
764
414
1459
1109
759
409
1461
1111
761
411
1460
1110
760
410
427
429
428
951
457
1507
1157
1477
1479
599
249
1478
1127
807
1129
1299
949
1128
357
777
779
778
1453
1410
1060
710
360
1465
1115
765
415
1466
1116
766
416
1467
1117
767
417
1503
1153
601
803
453
251
707
424
426
425
1474
1476
1475
1124
1126
1125
774
776
775
1057
468
818
1168
1518
150
143
157
160
153
151
146
144
152
359
511
509
510
1409
1059
709
141
1407
1494
1561
1559
1144
1560
156
145
794
444
1211
1209
1210
159
861
859
860
456
476
473
477
474
478
475
497
494
479
498
495
142
480
499
496
481
485
488
491
486
489
492
487
490
493
1506
1156
470
471
472
482
483
484
1480
1130
780
430
505
503
504
1481
1131
781
431
1482
1132
782
432
806
140
149
17
16
148
1526
1523
1527
1528
1524
1525
1547
1544
1529
1548
1545
1176
1549
1546
1535
1541
1538
1530
1173
1177
1531
1536
1539
1542
1174
1178
1537
1540
1543
1175
1197
1194
1179
1198
1195
1185
1191
1188
1199
1196
1180
1181
1186
1189
1192
1187
1193
1190
1520
1521
1522
1532
1533
1534
1170
1171
1172
1555
1553
1554
1182
1183
1184
826
823
827
828
824
825
1205
1203
1204
844
847
829
848
845
835
841
838
846
849
830
836
831
842
839
837
843
840
1562
2
820
821
822
832
833
834
855
853
854
100
106
103
101
104
107
102
105
1408
128
130
125
127
1625
1635
129
126
97
98
96
99
118
117
119
115
116
114
147
112
113
122
121
124
131
120
123
1058
158
455
1432
1082
732
382
1505
1155
1431
1081
731
381
805
1433
1083
733
383
1412
1062
712
362
109
110
111
708
358
1508
1158
808
458
1306
956
606
256
1304
954
604
254
1305
955
605
255
155
451
448
445
452
450
449
447
446
1307
957
607
257
1308
958
608
258
1309
959
609
259
1500
1499
1497
1496
1501
1498
1495
1502
1150
1149
1147
1146
1151
1148
1145
1152
1411
469
819
1169
1519
1061
800
799
797
796
801
798
795
802
711
1310
960
610
260
1311
961
611
261
1312
962
612
262
361
108
1313
963
613
263
1314
964
614
264
1315
965
615
265
329
154
1438
1088
738
388
328
1439
1089
739
389
327
1437
1087
737
387
318
320
319
326
1367
325
1573
679
1442
1092
742
392
1441
1091
741
391
324
1379
1440
1090
740
390
1558
1556
1557
1208
1206
1207
858
856
857
508
506
507
321
317
1582
1563
3
322
1378
1552
1202
852
323
1550
1551
1200
1201
850
851
502
500
501
1591
1029
1600
1377
1430
1080
730
380
678
1428
1078
728
378
1429
1079
729
379
677
668
1374
1376
1375
1017
667
1028
670
669
676
1444
1094
744
394
1443
1093
743
393
1027
675
1445
1095
745
395
674
671
1018
1026
672
1025
1484
95
1024
93
94
673
1020
1435
1085
735
385
1434
1084
734
384
1370
1019
1436
1086
736
386
1488
1483
442
20
1369
1487
1371
1021
30
21
1368
1372
1486
1022
435
441
440
1373
439
1485
1023
38
37
36
35
34
33
32
31
29
28
27
26
25
24
23
22
1622
1621
1615
1618
1617
1616
1620
1619
1633
1632
1628
1627
1629
1626
1631
1630
438
1489
436
437
1490
1623
1634
1492
1491
19
1493
1134
80
78
76
74
72
70
68
66
62
60
58
56
54
52
50
48
1133
433
1614
434
1568
1571
1572
1565
1567
1566
1570
1569
1138
1577
1574
1580
1581
443
1576
1575
1579
1578
1137
784
783
1143
792
788
1139
1135
1136
785
1142
787
1140
1636
1624
789
786
1141
1613
790
791
793
18
1586
1583
1589
1590
1585
1584
1612
1588
1587
1595
1592
1598
1599
1594
1593
1597
1596
92
47
82
64
316
664
662
660
658
656
654
652
650
314
312
310
308
306
304
302
300
666
1016
1366
1364
1362
1360
1358
1356
1354
1352
1350
1014
1012
1010
1008
1006
1004
1002
1000
83
65
