8
7
9
10
11
1603
1604
1214
864
514
164
1605
1606
1607
251
601
951
357
1302
952
602
252
1301
1212
862
512
162
1213
863
513
163
1300
950
600
250
707
403
6
1057
5
1299
949
599
249
401
400
12
13
14
15
358
708
1409
1407
1058
1059
1342
992
642
292
1341
991
641
291
1340
990
640
290
1339
989
639
289
1338
988
638
288
1337
987
637
287
1408
709
359
1336
986
636
286
1335
985
635
285
1334
984
634
284
85
40
86
41
84
39
91
46
90
45
69
51
71
53
67
49
87
42
81
63
79
61
73
55
753
1507
89
44
77
59
88
43
75
57
1157
1494
807
750
751
457
1144
794
444
1509
1159
809
459
551
201
1253
1252
1251
903
902
901
553
552
203
202
548
198
1248
898
1250
1249
900
899
550
549
200
199
1503
1506
1153
1156
1103
1505
1258
908
1257
907
1259
909
558
208
557
207
559
209
1247
1246
1245
897
896
895
547
546
545
197
196
195
1261
911
1260
910
561
211
560
210
1262
912
562
212
1264
914
1263
913
564
214
563
213
1265
915
565
215
803
806
1267
917
1266
916
567
217
566
216
1268
918
568
218
453
456
1155
1270
920
1269
919
570
220
569
219
1271
921
571
221
1101
1100
1273
923
1272
922
573
223
572
222
1274
924
574
224
1276
926
1275
925
576
226
575
225
1277
927
577
227
805
1279
929
1278
928
579
229
578
228
1280
930
580
230
455
1281
931
581
231
1282
932
582
232
1283
933
583
233
1601
1284
934
584
234
1285
935
585
235
1286
936
586
236
1602
538
535
532
523
520
517
188
185
182
173
170
167
537
534
531
522
519
516
187
184
181
172
169
166
536
533
530
521
518
515
186
183
180
171
168
165
1238
1235
1232
1223
1220
1217
888
885
882
873
870
867
1237
1234
1231
1222
1219
1216
887
884
881
872
869
866
1236
1233
1230
1221
1218
1215
886
883
880
871
868
865
529
526
179
176
528
525
178
175
527
524
177
174
1229
1226
879
876
1228
1225
878
875
1227
1224
877
874
544
541
194
191
1244
1241
894
891
543
540
193
190
1243
1240
893
890
542
539
192
189
1242
1239
892
889
1608
1609
1474
1475
1476
1610
1611
1124
1125
1126
1477
1478
1479
20
1535
1538
1541
1536
1539
1542
1520
1537
1540
1543
1521
1522
1526
1523
1527
1524
1528
1525
1532
1533
646
296
1346
996
1534
1412
648
298
1348
998
1347
997
647
297
1529
1544
1547
1530
1545
1548
1531
1546
1549
137
139
712
138
136
774
775
776
1555
1554
1553
135
134
133
132
1343
993
643
293
644
294
1344
994
1345
995
645
295
1127
1128
1129
1185
1188
1191
1186
1189
1192
1170
1187
1190
1193
1171
1172
1453
424
425
426
1561
1560
1559
1176
1173
1177
1174
1178
1175
1182
1183
1184
1062
1179
1194
1197
1180
1195
1198
1181
1196
1199
1451
1450
161
777
778
779
362
1205
1204
1203
835
838
841
836
839
842
820
837
840
843
821
822
427
428
485
488
491
486
489
492
470
487
490
493
471
472
429
1211
1210
1209
826
823
827
824
828
825
832
833
834
476
473
477
474
478
475
482
483
484
829
844
847
830
845
848
831
846
849
1303
953
603
253
1455
479
494
497
480
495
498
481
496
499
855
854
853
505
504
503
861
860
859
1411
511
510
509
1105
317
1061
755
433
329
711
318
667
319
405
361
679
320
321
322
323
783
434
442
441
440
439
328
1504
327
435
438
324
437
326
325
436
1558
1557
1556
1481
1131
781
431
1482
1132
782
432
1480
1130
780
430
1029
1564
95
4
1614
1456
1106
756
406
1457
1107
757
407
1458
1108
758
408
1320
970
620
270
1321
971
621
271
1319
969
619
269
1459
1109
759
409
1460
1110
760
410
1461
1111
761
411
1510
1160
810
460
668
1512
1162
812
462
669
1511
1161
811
461
1017
1406
1056
706
356
1379
1462
1112
762
412
1463
1113
763
413
1464
1114
764
414
93
94
1154
1287
937
587
237
784
670
678
671
672
673
792
789
791
790
1288
938
588
238
1208
1207
1206
1513
1163
813
463
1133
1465
1115
765
415
1466
1116
766
416
1467
1117
767
417
677
785
788
674
787
676
675
786
1514
1164
814
464
1502
1501
1500
1499
1498
1497
1496
1495
617
267
1317
967
618
268
1318
968
616
266
1316
966
622
272
1322
972
624
274
623
273
1324
974
1323
973
1254
904
554
204
1255
905
555
205
1256
906
556
206
1515
1165
815
465
1289
939
589
239
1399
1049
699
349
1516
1166
816
466
1385
1035
685
335
1383
1033
683
333
1381
1031
681
331
1401
1051
701
351
1403
1053
703
353
1290
940
590
240
1367
119
118
117
1018
1019
1517
1167
817
467
804
1387
1037
687
337
1389
1039
689
339
1391
1041
691
341
858
857
856
1393
1043
693
343
1395
1045
695
345
1397
1047
697
347
1134
1028
1468
1118
768
418
1518
1168
818
468
1471
1121
771
421
1469
1119
769
419
1472
1122
772
422
1020
1021
1022
1023
1470
1120
770
420
1473
1123
773
423
1139
1140
1141
1142
508
507
506
454
1483
1519
1169
819
469
1291
941
591
241
1027
1152
1151
1150
1149
1148
1147
1146
1145
1508
1158
808
458
1135
1138
1024
1137
1026
1025
1136
1292
942
592
242
627
277
1327
977
1326
976
626
276
1325
975
625
275
1329
979
629
279
1328
978
628
278
1330
980
630
280
1293
943
593
243
1294
944
594
244
1307
957
607
257
1308
958
608
258
1309
959
609
259
1313
963
613
263
1484
723
373
1423
1073
1425
1075
725
375
631
281
1331
981
1368
1427
1077
727
377
1417
1067
717
367
1419
1069
719
369
721
371
1421
1071
633
283
632
282
1333
983
1332
982
1404
1054
704
354
1405
1055
705
355
614
264
1314
964
116
115
114
1369
1315
965
615
265
1295
945
595
245
1378
1306
956
606
256
1305
955
605
255
1304
954
604
254
1310
960
610
260
1311
961
611
261
1312
962
612
262
1296
946
596
246
1415
1065
715
365
1448
1098
748
398
1370
1371
1489
1372
1373
1490
1491
1492
1377
1485
1488
1374
1410
1060
710
360
1487
1376
1375
1486
1635
1625
802
801
800
799
798
797
796
795
17
16
149
148
443
1297
947
597
247
793
1143
1493
154
452
451
450
449
448
447
446
445
158
140
38
37
36
35
34
33
32
31
29
28
27
26
25
24
23
22
113
112
142
111
106
103
100
107
104
101
105
102
110
109
156
1298
948
598
248
108
155
97
98
99
96
160
141
157
150
143
159
1552
1202
852
502
1551
1201
851
501
1550
1200
850
500
128
125
130
127
129
126
145
131
122
124
121
123
120
1573
152
147
153
151
146
144
1600
1591
1431
1081
731
381
1432
1082
732
382
1582
1433
1083
733
383
1
1430
1080
730
380
1623
1634
666
316
1366
1016
1437
1087
737
387
738
388
1438
1088
739
389
1439
1089
1563
3
92
47
1618
1615
1621
1622
1617
1616
1620
1619
1629
1626
1632
1633
1628
1627
1631
1630
1434
1084
734
384
1435
1085
735
385
1436
1086
736
386
1442
1092
742
392
1441
1091
741
391
1440
1090
740
390
743
393
1443
1093
1444
1094
744
394
745
395
1445
1095
30
21
82
64
1428
1078
728
378
1429
1079
729
379
1562
1597
1596
1588
1587
1578
1579
1594
1593
1585
1584
1576
1575
1599
1598
1595
1592
1590
1589
1586
1583
1580
1581
1577
1574
1570
1569
1567
1566
1571
1572
1568
1565
2
664
662
660
658
656
654
652
650
314
312
310
308
306
304
302
300
1364
1362
1360
1358
1356
1354
1352
1350
1014
1012
1010
1008
1006
1004
1002
1000
80
78
76
74
72
70
68
66
62
60
58
56
54
52
50
48
19
83
65
1398
1048
698
348
1400
1050
700
350
1613
1402
1052
702
352
1449
1099
749
399
1612
18
1452
1102
752
402
1636
1624
1454
1104
754
404
1392
1042
692
342
1394
1044
694
344
1396
1046
696
346
722
372
1422
1072
724
374
1424
1074
726
376
1426
1076
1416
1066
716
366
1418
1068
718
368
1420
1070
720
370
1386
1036
686
336
1388
1038
688
338
1390
1040
690
340
1384
1034
684
334
663
661
659
657
655
653
651
649
313
311
309
307
305
303
301
299
1382
1032
682
332
1380
1030
680
330
1363
1361
1359
1357
1355
1353
1351
1349
1013
1011
1009
1007
1005
1003
1001
999
1413
1063
713
363
1446
1096
746
396
1414
1064
714
364
747
397
1447
1097
665
315
1365
1015
