1298
948
598
248
1410
1060
710
360
1431
1081
731
381
1432
1082
732
382
1433
1083
733
383
1562
2
1367
1591
1600
317
599
249
1299
949
1573
1303
953
603
253
469
819
1169
1519
1017
1582
667
468
818
1168
1518
1313
963
613
263
614
264
1314
964
615
265
1315
965
1329
979
629
279
1330
980
630
280
1328
978
628
278
318
467
817
1167
1517
11
10
9
319
8
1472
1122
772
422
1469
1119
769
419
1471
1121
771
421
1468
1118
768
418
1473
1123
773
423
1470
1120
770
420
7
1443
1093
743
393
320
466
816
1444
1094
744
394
1166
1516
321
1445
1095
745
395
322
158
323
1320
970
620
270
1321
971
621
271
1607
1606
1605
465
1319
969
619
269
815
1165
1515
1604
464
1624
1636
814
1164
1514
1317
967
617
267
1318
968
618
268
1603
1316
966
616
266
463
813
1163
1513
1483
1434
1084
734
384
1435
1085
735
385
462
1436
1086
736
386
812
1162
1512
1212
862
512
162
668
461
811
1161
1511
1484
80
78
76
74
72
70
68
66
62
60
58
56
54
52
50
48
1378
669
1300
950
600
250
679
1407
1029
1429
1079
729
379
670
1428
1078
728
378
329
755
1430
1080
730
380
1213
863
513
163
1437
1087
737
387
1105
251
1455
433
1438
1088
738
388
460
810
1160
1510
671
1018
159
1439
1089
739
389
1057
672
405
673
1404
1054
704
354
1133
14
601
1019
12
1611
1610
1609
1408
1608
1478
1128
778
428
1453
951
1477
1127
777
427
358
1301
664
662
660
658
656
654
652
650
314
312
310
308
306
304
302
300
1479
1129
429
779
160
1134
1369
1058
707
1028
1441
1091
741
391
459
15
1020
708
13
1465
1115
765
415
1440
1090
740
390
809
1509
1159
1368
1466
1116
766
416
357
1364
1362
1360
1358
1356
1354
1352
1350
1014
1012
1010
1008
1006
1004
1002
1000
1467
1117
767
417
1297
947
597
247
742
392
1442
1092
783
1379
1370
425
1475
1125
775
424
1474
1124
774
426
1476
1126
776
1310
960
610
260
1312
962
612
262
1311
961
611
261
1405
1055
705
355
442
678
1021
1377
1488
1327
977
627
277
1326
976
626
276
1022
631
281
148
1331
981
582
232
1282
932
581
231
1281
931
585
235
1285
935
583
233
1283
933
1279
929
584
234
1284
934
579
229
586
236
1286
936
1276
926
1278
928
576
226
1280
930
578
228
1273
923
580
230
573
223
1275
925
1277
927
575
225
577
227
1272
922
1270
920
441
1274
924
570
220
572
222
574
224
1269
919
1267
917
1271
921
569
219
567
217
571
221
1325
975
625
275
97
1266
916
1268
918
784
566
216
568
218
1023
98
1296
946
596
246
1103
100
106
103
96
99
104
101
107
359
1409
1059
709
1264
914
440
105
102
564
214
1214
864
1263
913
514
164
1265
915
563
213
565
215
1371
328
1027
439
1302
952
602
252
147
1346
996
646
296
633
283
1333
983
632
282
1332
982
94
93
1372
1261
911
561
211
1262
912
677
562
212
1260
910
560
210
95
643
293
1343
993
145
1309
959
609
259
1307
957
607
257
1308
958
608
258
753
1493
1295
945
595
245
1348
998
648
298
1347
997
647
297
1403
1053
703
353
1401
1051
701
351
1399
1049
699
349
1373
327
149
644
294
1344
994
6
1345
995
645
295
403
1406
1056
706
356
17
16
1294
944
594
244
142
140
1138
1288
938
588
238
1487
82
64
1287
937
587
237
1293
943
593
243
1289
939
589
239
1306
956
606
256
1305
955
605
255
1304
954
604
254
1292
942
592
242
435
1258
908
1374
558
208
1259
909
559
209
20
1257
907
557
207
1290
940
590
240
591
241
1291
941
1397
1047
697
347
1395
1045
695
345
1143
1462
1112
762
412
1393
1043
693
343
83
65
1464
1114
764
414
1463
1113
763
413
1614
137
136
138
139
792
622
272
1322
972
1506
1156
1564
806
456
785
1391
1041
691
341
1389
1039
689
339
1137
788
135
133
132
1387
1037
687
337
4
1398
1048
698
348
624
274
1324
974
623
273
1323
973
1400
1050
700
350
119
1152
1151
1148
1145
1147
1146
1150
1149
1402
1052
702
352
1502
1501
1498
1495
1497
1496
1500
1499
116
118
117
1618
1622
1621
1615
802
801
798
795
797
796
800
799
476
479
473
494
497
1617
1616
1459
1109
759
409
134
115
477
1620
1619
1461
1111
761
411
482
480
1460
1110
760
410
826
114
474
829
823
1176
1526
495
498
1179
1529
1173
1523
844
847
1194
1197
1544
1547
1423
1073
723
373
478
483
827
481
830
1629
1626
1632
1425
1075
725
375
1633
1135
832
475
824
1177
1427
1077
727
377
1527
1180
1530
485
496
499
1182
488
1532
491
1174
1524
845
848
453
1195
1198
1545
1548
458
484
828
833
831
825
1178
1528
1183
1533
1181
808
1531
486
1628
1627
489
492
1175
1525
1158
1508
846
849
835
1449
1099
749
399
838
841
1196
1199
1546
1549
1185
1535
1188
1191
1538
1541
1631
1630
452
451
448
445
447
446
450
449
834
470
150
141
156
152
153
151
157
143
146
144
1184
443
1534
487
113
490
493
836
839
842
1186
1536
1189
1192
1539
1542
1456
1106
756
406
791
820
1457
1107
757
407
471
1458
1108
758
408
316
1170
1520
1385
1035
685
335
1494
837
840
843
1187
1383
1033
683
333
1537
1190
1193
1540
1543
1142
472
787
821
1171
1521
1381
1031
681
331
1505
1155
112
1375
1552
1202
852
400
502
822
805
455
1172
1522
111
793
401
1452
1102
752
402
717
367
1417
1067
1144
1419
1069
719
369
721
371
1421
1071
1551
1201
851
501
790
131
122
125
128
1454
1104
754
404
676
1486
1026
326
1550
1200
850
500
1412
803
124
121
127
1062
130
1024
666
634
284
1334
984
1136
538
535
532
529
526
523
520
517
188
185
182
179
176
173
170
167
537
534
531
528
525
522
519
516
187
184
181
178
175
172
169
166
1561
1211
861
511
1335
985
635
285
712
1559
1209
536
533
530
527
524
521
518
515
186
183
180
177
174
171
168
165
859
509
1560
1210
860
510
636
286
1336
986
1238
1235
1232
1229
1226
1223
1220
1217
888
885
882
879
876
873
870
867
1237
1234
1231
1228
1225
1222
1219
1216
887
884
881
878
875
872
869
866
786
110
1236
1233
1230
1227
1224
1221
1218
1215
886
883
880
877
874
871
868
865
92
47
789
1392
1042
692
342
123
120
108
129
126
1394
1044
694
344
1396
1046
696
346
1492
1422
1072
722
372
362
1424
1074
724
374
544
541
194
191
1244
1241
894
891
543
540
193
190
1243
1240
893
890
1426
1076
726
376
109
542
539
192
189
1242
1239
892
889
1416
1066
716
366
718
368
1418
1068
1153
1555
1205
855
505
436
720
370
1420
1070
1386
1036
686
336
1388
1038
688
338
1390
1040
690
340
1554
1204
854
504
86
41
1553
1203
853
503
1025
85
40
1558
1208
858
1338
988
638
288
508
639
289
1337
987
637
287
1339
989
1557
1207
857
1556
1206
856
507
506
1376
1384
1034
684
334
663
661
659
657
655
653
651
649
313
311
309
307
305
303
301
299
1382
1032
682
332
1380
1030
680
330
1363
1361
1359
1357
1355
1353
1351
1349
1013
1011
1009
1007
1005
1003
1001
999
1413
1063
713
363
1446
1096
746
396
1414
1064
714
364
1447
1097
747
397
1503
554
204
1255
1254
905
904
555
205
556
206
1256
906
90
45
665
315
1365
1015
1253
1252
1251
1250
1249
1248
903
902
901
900
899
898
553
552
551
550
549
548
203
202
201
200
199
198
1613
1612
1247
1246
1245
897
896
895
547
546
545
197
196
195
38
37
36
35
34
33
32
31
30
29
28
27
26
25
24
23
22
21
19
18
1
751
91
46
89
88
44
43
71
53
87
42
84
39
69
51
1101
1565
1451
750
79
61
81
63
77
59
75
57
73
55
67
49
675
1016
1154
1568
1504
1571
1572
794
1366
1448
1098
748
398
1482
1132
782
432
325
1415
1065
715
365
1481
1131
781
431
437
1141
1602
1480
1130
780
430
674
1567
1566
1601
438
1140
1570
1569
1139
804
454
1485
324
1100
1623
434
5
1634
1491
1507
1157
807
457
1490
1489
642
292
1342
992
640
290
1340
990
641
291
1341
991
1450
1577
1574
1580
1581
1576
1575
1579
1578
161
444
1595
1592
1598
1599
1586
1583
1589
1590
1635
1625
154
1594
1593
1597
1596
1585
1584
1587
1588
155
1411
1061
361
711
1563
3
