5
4
1286
1285
1284
936
935
934
586
585
584
236
235
234
1283
1282
1281
933
932
931
583
582
581
233
232
231
1280
1279
1278
930
929
928
580
579
578
230
229
228
1277
1276
1275
927
926
925
577
576
575
227
226
225
1274
1273
1272
924
923
922
574
573
572
224
223
222
1268
1267
1266
918
917
916
568
567
566
218
217
216
1265
1264
1263
915
914
913
565
564
563
215
214
213
1271
1270
1269
921
920
919
571
570
569
221
220
219
1262
1261
1260
912
911
910
562
561
560
212
211
210
1259
1258
1257
909
908
907
559
558
557
209
208
207
1339
1338
1337
989
988
987
639
638
637
289
288
287
1342
1341
1340
992
991
990
642
641
640
292
291
290
1336
1335
1334
986
985
984
636
635
634
286
285
284
1600
1345
1344
1343
995
994
993
645
644
643
295
294
293
1591
1582
1593
1594
1595
1592
1599
1598
1597
1596
1573
1584
1585
1586
1583
1590
1589
1588
1587
1575
1576
1577
1574
1581
1580
1579
1578
1348
1347
1346
998
997
996
648
647
646
298
297
296
1566
1567
1568
1565
1572
1571
1570
1569
1379
1029
679
329
1558
1557
1556
1208
1207
1206
858
857
856
508
507
506
429
428
427
1479
1478
1477
1129
1128
1127
779
778
777
426
425
424
1476
1475
1474
1126
1125
1124
776
775
774
1321
1320
1319
971
970
969
621
620
619
271
270
269
1318
1317
1316
968
967
966
618
617
616
268
267
266
119
118
117
1324
1323
1322
974
973
972
624
623
622
274
273
272
142
160
149
137
156
159
155
148
138
141
1369
1368
1306
1305
1304
956
955
954
606
605
604
256
255
254
1373
1372
1371
1370
1493
1492
1491
1490
1489
1451
1312
1311
1310
962
961
960
612
611
610
262
261
260
1315
1314
1313
965
964
963
615
614
613
265
264
263
1309
1308
1307
959
958
957
609
608
607
259
258
257
116
115
114
1333
1332
1331
983
982
981
633
632
631
283
282
281
140
161
408
407
406
1458
1457
1456
1108
1107
1106
758
757
756
158
154
139
136
157
150
143
1330
1329
1328
980
979
978
630
629
628
280
279
278
1327
1326
1325
977
976
975
627
626
625
277
276
275
417
416
415
1467
1466
1465
1117
1116
1115
767
766
765
414
413
412
1464
1463
1462
1114
1113
1112
764
763
762
411
410
409
1461
1460
1459
1111
1110
1109
761
760
759
1296
946
596
246
1019
1295
945
595
245
1018
1143
1023
1022
1021
1020
1142
1141
1140
1139
1294
944
594
244
1101
1293
943
593
243
1256
906
556
206
1255
1254
905
904
555
554
205
204
111
113
112
145
1292
942
592
242
152
134
135
133
153
151
146
144
1291
941
591
241
1519
1169
819
469
147
1
1247
897
547
197
1246
1245
896
895
546
545
196
195
132
1518
1168
818
468
1290
940
590
240
1253
1250
903
900
553
550
203
200
1252
1251
1249
1248
902
901
899
898
552
551
549
548
202
201
199
198
1378
1028
678
328
1517
1167
817
467
1289
939
589
239
669
1436
1435
1434
1086
1085
1084
736
735
734
386
385
384
1439
1438
1437
1089
1088
1087
739
738
737
389
388
387
432
431
430
1482
1481
1480
1132
1131
1130
782
781
780
1288
938
588
238
1516
1166
816
466
668
793
673
672
671
670
423
422
421
420
419
418
1473
1472
1471
1470
1469
1468
1123
1122
1121
1120
1119
1118
773
772
771
770
769
768
792
791
790
789
82
64
92
47
751
1445
1444
1443
1095
1094
1093
745
744
743
395
394
393
1602
1287
937
587
237
1515
1165
815
465
1635
1625
1607
1636
1624
11
108
110
109
1601
1514
1164
814
464
1244
1243
1242
1241
1240
1239
894
893
892
891
890
889
544
543
542
541
540
539
194
193
192
191
190
189
1611
1606
1503
1153
803
453
15
10
1513
1163
813
463
1605
17
16
1610
9
14
434
1484
1134
784
1512
1162
812
462
1604
1609
1410
1060
710
360
1603
1433
1432
1431
1083
1082
1081
733
732
731
383
382
381
502
8
1552
1202
852
505
501
1555
1205
855
13
1551
1201
851
500
504
1550
1200
850
1554
1204
854
503
1553
1203
853
1511
1161
811
461
1608
1220
1217
870
867
520
517
170
167
1219
1218
1216
1215
869
868
866
865
519
518
516
515
169
168
166
165
1238
1235
1232
1229
888
885
882
879
538
535
532
529
188
185
182
179
1237
1236
1234
1233
1231
1230
1228
1227
1226
1223
887
886
884
883
881
880
878
877
876
873
537
536
534
533
531
530
528
527
526
523
187
186
184
183
181
180
178
177
176
173
1225
1224
1222
1221
875
874
872
871
525
524
522
521
175
174
172
171
1561
1211
861
511
1560
1210
860
510
1559
1209
859
509
1442
1441
1440
1092
1091
1090
742
741
740
392
391
390
12
7
1510
1160
810
460
1549
1546
1531
1199
1196
1181
849
846
831
499
496
481
1534
1528
1525
1184
1178
1175
834
828
825
484
478
475
1543
1540
1537
1522
1193
1190
1187
1172
843
840
837
822
493
490
487
472
1548
1545
1533
1530
1198
1195
1183
1180
848
845
833
830
498
495
483
480
1542
1539
1536
1527
1524
1521
1192
1189
1186
1177
1174
1171
842
839
836
827
824
821
492
489
486
477
474
471
1547
1544
1529
1197
1194
1179
847
844
829
497
494
479
1532
1526
1523
1182
1176
1173
832
826
823
482
476
473
1541
1538
1535
1520
1191
1188
1185
1170
841
838
835
820
491
488
485
470
6
319
443
318
323
322
321
320
442
441
440
439
1297
947
597
247
1509
1159
809
459
401
1562
1563
80
78
76
74
72
70
68
66
62
60
58
56
54
52
50
48
1564
404
402
399
1454
1452
1449
1104
1102
1099
754
752
749
1374
1024
674
324
1508
1158
808
458
1375
1025
675
325
1412
1062
712
362
1377
1376
1027
1026
677
676
327
326
131
124
123
122
121
120
130
129
128
127
126
125
99
98
97
96
107
106
105
104
103
102
101
100
89
88
44
43
91
90
87
86
85
84
46
45
42
41
40
39
1633
1632
1631
1630
1629
1628
1627
1626
1622
1621
1620
1619
1618
1617
1616
1615
1634
1623
1411
1061
711
361
438
1488
1138
788
437
1487
1137
787
436
1486
1136
786
435
1485
1135
785
1367
1017
667
317
18
396
363
1446
1413
1096
1063
746
713
1404
1054
704
354
93
1505
1155
805
455
1407
1057
707
357
1428
1078
728
378
1300
1212
950
862
600
512
250
162
1612
38
37
36
35
34
33
32
31
29
28
27
26
25
24
23
22
30
21
3
1614
20
1502
1501
1500
1499
1498
1497
1496
1495
1152
1151
1150
1149
1148
1147
1146
1145
802
801
800
799
798
797
796
795
452
451
450
449
448
447
446
445
1504
1154
804
454
1303
953
603
253
1365
1015
1426
1424
1422
1420
1418
1416
1402
1400
1398
1396
1394
1392
1390
1388
1386
1384
1382
1380
1076
1074
1072
1070
1068
1066
1052
1050
1048
1046
1044
1042
1040
1038
1036
1034
1032
1030
726
724
722
720
718
716
702
700
698
696
694
692
690
688
686
684
682
680
665
376
374
372
370
368
366
352
350
348
346
344
342
340
338
336
334
332
330
315
1363
1361
1359
1357
1355
1353
1351
1349
1013
1011
1009
1007
1005
1003
1001
999
663
661
659
657
655
653
651
649
313
311
309
307
305
303
301
299
2
1483
1133
783
433
1405
1055
705
355
403
1453
1103
753
83
65
19
1298
948
598
248
1364
1362
1360
1358
1356
1354
1352
1350
1014
1012
1010
1008
1006
1004
1002
1000
664
662
660
658
656
654
652
650
314
312
310
308
306
304
302
300
1406
1056
706
356
1429
1079
729
379
94
1506
1156
806
456
1408
77
59
75
57
81
79
73
67
63
61
55
49
1058
71
69
53
51
708
358
1213
863
513
163
1301
951
601
251
1613
1366
1016
666
316
1455
1105
755
405
1494
1144
794
444
1214
864
514
164
1430
1080
730
380
1448
1415
1098
1065
748
715
398
365
1403
1401
1399
1053
1051
1049
703
701
699
353
351
349
1427
1425
1423
1421
1419
1417
1077
1075
1073
1071
1069
1067
727
725
723
721
719
717
377
375
373
371
369
367
1397
1395
1393
1047
1045
1043
697
695
693
347
345
343
1391
1389
1387
1041
1039
1037
691
689
687
341
339
337
1385
1383
1381
1035
1033
1031
685
683
681
335
333
331
95
1450
1100
750
1507
1157
807
457
1409
1059
709
359
400
1299
949
599
249
1302
952
602
252
1447
1414
1097
1064
747
714
397
364
