1298
948
598
248
7
8
9
10
11
1410
1060
710
360
1214
864
514
164
251
1604
1603
1605
601
1606
1607
1212
862
512
162
357
951
1213
863
513
163
1301
1300
950
600
250
1431
1081
731
381
1432
1082
732
382
1302
952
602
252
1433
1083
733
383
599
249
1299
949
707
1057
1562
2
403
1367
401
400
6
5
1407
358
708
12
317
1058
14
13
1408
15
1409
1059
709
359
753
1303
953
603
253
1338
988
638
288
1337
987
639
637
289
287
1339
989
642
292
1342
992
640
290
1340
990
641
291
1341
991
1591
634
284
1334
984
1335
985
635
285
636
286
1336
986
85
40
86
41
84
39
91
46
90
45
69
51
71
53
67
49
87
42
81
63
79
61
1600
73
55
1507
89
44
751
77
59
88
43
75
57
750
1494
1157
459
809
1509
1159
807
1144
457
794
667
444
1017
1573
1103
1506
469
1503
1253
1252
1251
903
902
901
553
552
551
203
202
201
1250
1249
1248
900
899
898
550
549
548
200
199
198
819
1169
1519
1264
914
564
214
1265
915
565
215
1263
913
563
213
1156
1261
911
561
211
1262
912
562
212
1260
910
560
210
1258
908
558
208
1259
909
559
209
1257
907
557
207
1153
1267
917
567
217
1268
918
568
218
1266
916
566
216
1505
318
1247
1246
1245
897
896
895
547
546
545
197
196
195
1270
920
570
220
1271
921
571
221
1269
919
569
219
806
803
1276
926
576
226
1277
927
577
227
1275
925
575
225
1273
923
573
223
1274
924
574
224
1272
922
572
222
456
453
1279
929
579
229
1280
930
580
230
1278
928
578
228
1155
1101
319
1582
582
232
1282
932
583
233
1283
933
581
231
1281
931
1100
585
235
1285
935
586
236
1286
936
584
234
1284
934
805
455
1313
963
613
263
468
1314
964
614
264
320
818
1168
1518
1315
965
615
265
1601
321
1329
979
629
279
1602
322
1330
980
630
280
323
1328
978
628
278
1475
1474
1476
1478
1479
1477
1453
538
535
532
523
520
517
188
185
182
173
170
167
537
534
531
522
519
516
187
184
181
172
169
166
536
533
530
521
518
515
186
183
180
171
168
165
1238
1235
1232
1223
1220
1217
888
885
882
873
870
867
1237
1234
1231
1222
1219
1216
887
884
881
872
869
866
1236
1233
1230
1221
1218
1215
886
883
880
871
868
865
529
526
179
176
528
525
178
175
527
524
177
174
1229
1226
879
876
1228
1225
878
875
1227
1224
877
874
544
541
194
191
1244
1241
894
891
1243
1240
893
890
543
540
193
190
1242
1239
892
889
542
539
192
189
1455
1125
1124
1126
1472
1122
772
422
1320
970
467
620
270
1469
1119
769
419
1471
1121
771
421
1468
1118
768
418
1128
1321
971
621
271
817
1129
1127
1473
1123
773
423
1167
1517
1470
1120
770
420
1319
969
619
269
1608
1535
1538
1541
1536
1539
1542
1520
1537
1540
1543
1521
1522
1609
1105
775
774
1526
1523
776
1527
1524
1532
1528
1525
1533
778
1534
1610
779
777
1611
1346
996
646
296
1529
1547
1544
1530
1548
1545
1531
1549
1546
425
424
426
428
1348
998
648
298
1347
997
647
297
429
427
1412
20
466
1343
993
643
293
433
816
1166
1516
1344
994
644
294
1345
995
645
295
1555
1554
1553
755
1185
1191
1188
1186
1192
1189
1170
1187
1193
1190
1171
1172
1561
1559
1560
1176
1173
1177
1174
1182
1178
1175
1183
1184
712
158
1317
967
617
267
137
139
1179
1197
1194
1180
1195
1198
1181
1199
1196
1318
968
618
268
136
138
1443
1093
743
393
1451
1062
668
465
1316
966
616
266
135
133
132
1444
1094
744
394
815
1165
1515
134
835
838
841
836
839
842
1205
1204
820
1203
837
843
840
821
822
485
488
491
486
492
489
470
487
493
490
826
823
471
1211
1209
1210
827
472
824
832
828
825
833
834
1483
1450
362
1445
1095
745
395
476
473
477
474
464
482
478
475
483
484
829
847
844
830
848
845
831
849
846
814
1164
1514
669
479
497
494
480
498
495
481
499
496
855
463
854
853
405
813
1163
1513
462
505
504
503
861
859
860
812
161
1162
1512
670
511
509
510
461
811
1161
1511
783
671
442
1411
672
460
810
1160
1510
673
1636
1624
441
1434
1084
734
384
440
1133
439
1435
1085
735
385
1484
1018
1378
329
1436
1086
736
386
328
1019
1061
327
1465
1115
765
415
435
1466
1116
766
416
1467
1117
767
417
679
95
1020
678
1404
1054
704
354
1504
326
436
325
437
1134
94
438
93
1028
324
1369
711
784
1558
1557
1556
1406
1056
706
356
677
1368
1021
80
78
76
74
72
70
68
66
62
60
58
56
54
52
50
48
1564
434
1614
1287
937
587
237
1430
1080
730
380
1029
4
1022
1288
938
588
238
1456
1106
756
406
1457
1107
757
407
1458
1108
758
408
1429
1079
729
379
1459
1109
759
409
1461
1111
761
411
1460
1110
760
410
1482
1132
782
432
1481
1131
781
431
1480
1130
780
430
792
1023
1462
1112
762
412
1327
977
627
277
1370
1464
1114
764
414
1463
1113
763
413
1428
1078
728
378
159
1437
1087
737
387
1326
976
626
276
1405
1055
705
355
1154
791
1438
1088
738
388
361
785
788
1310
960
610
260
1312
962
612
262
1311
961
611
261
790
1325
975
625
275
1502
1501
1498
1495
1497
1496
1500
1499
789
1027
631
281
622
272
1322
972
1331
981
1208
1207
1206
787
1289
939
589
239
676
1439
1089
739
389
624
274
1324
974
1377
786
623
273
1403
1053
703
353
1323
973
1488
1401
1051
701
351
1399
1049
699
349
160
675
674
1296
946
596
246
1290
940
590
240
119
633
283
1333
983
632
282
1332
982
1138
1371
118
117
1397
1047
697
347
1395
1045
695
345
1393
1043
693
343
554
204
1255
1254
905
904
556
555
206
205
1256
906
1391
1041
691
341
1389
1039
689
339
1387
1037
687
337
1385
1035
685
335
1383
1033
683
333
1381
1031
681
331
1309
959
609
259
1307
957
607
257
1308
958
608
258
1294
944
594
244
1372
1295
945
595
245
591
241
1291
941
1292
942
592
242
1293
943
593
243
148
804
858
857
856
1373
1137
1152
1151
1148
1145
1147
1146
1150
1149
1142
1441
1091
741
391
1135
100
106
103
104
101
107
508
105
102
507
506
1440
1090
740
390
1141
97
1026
98
1140
1024
1136
1139
1306
956
606
256
1487
1305
955
605
255
96
99
454
458
1304
954
604
254
808
1158
1508
1025
1493
664
662
660
658
656
654
652
650
314
312
310
308
306
304
302
300
17
16
1442
1092
742
392
1374
116
115
114
1427
1077
727
377
1423
1073
723
373
1425
1075
725
375
1417
1067
717
367
1421
1071
721
371
1419
1069
719
369
149
1143
1364
1362
1360
1358
1356
1354
1352
1350
1014
1012
1010
1008
1006
1004
1002
1000
1375
1492
802
801
798
795
797
796
800
799
1486
1448
1098
748
398
140
1415
1065
715
365
1376
443
142
1485
147
793
1491
1379
1490
1489
452
451
448
445
447
446
450
449
145
113
112
38
37
36
35
34
33
32
31
29
28
27
26
25
24
23
22
111
110
109
1635
1625
108
1552
1202
852
502
1551
1201
851
501
125
1550
1200
850
128
500
127
130
156
129
126
131
122
124
121
123
120
141
150
157
143
82
64
152
1
154
153
151
146
144
316
666
1618
1622
1621
1615
1617
1616
1620
1619
1629
1626
1632
1633
1628
1627
1631
1630
92
47
1016
1366
1623
1634
155
30
21
83
65
1565
1568
1571
1572
1567
1566
1570
1569
19
1613
1577
1574
1580
1581
1576
1575
1579
1578
1612
18
1595
1592
1598
1599
1586
1583
1589
1590
1594
1593
1597
1596
1585
1584
1587
1588
1454
1452
1449
1447
1446
1426
1424
1422
1420
1418
1416
1414
1413
1402
1400
1398
1396
1394
1392
1390
1388
1386
1384
1382
1380
1365
1363
1361
1359
1357
1355
1353
1351
1349
1297
1104
1102
1099
1097
1096
1076
1074
1072
1070
1068
1066
1064
1063
1052
1050
1048
1046
1044
1042
1040
1038
1036
1034
1032
1030
1015
1013
1011
1009
1007
1005
1003
1001
999
947
754
752
749
747
746
726
724
722
720
718
716
714
713
702
700
698
696
694
692
690
688
686
684
682
680
665
663
661
659
657
655
653
651
649
597
404
402
399
397
396
376
374
372
370
368
366
364
363
352
350
348
346
344
342
340
338
336
334
332
330
315
313
311
309
307
305
303
301
299
247
1563
3
