83
65
1364
1362
1360
1358
1356
1354
1352
1350
1014
1012
1010
1008
1006
1004
1002
1000
1366
1016
666
664
662
660
658
656
654
652
650
314
312
310
308
306
304
302
300
316
82
64
92
47
1597
1596
1594
1593
1599
1598
1595
1592
1588
1587
1612
1585
1584
1590
1589
1583
1586
18
793
791
790
1613
1141
786
789
1624
1636
1140
787
1142
785
1136
1135
1139
788
792
1143
783
784
1137
1579
1578
1576
1575
443
1581
1580
1577
1574
1138
1570
1569
1567
1566
1565
1572
1571
1568
434
1614
433
1133
80
78
76
74
72
70
68
66
62
60
58
56
54
52
50
48
1134
1493
19
1491
1492
1634
1623
1490
437
436
1489
438
1631
1630
1629
1626
1628
1627
1633
1632
1620
1619
1617
1616
1618
1615
1622
1621
38
37
36
35
34
33
32
31
29
28
27
26
25
24
23
22
1023
1485
439
1373
440
441
435
1022
1486
1372
1368
30
21
1021
1371
1487
1369
20
442
1483
1488
736
386
1436
1086
1019
1370
734
384
1434
1084
735
385
1435
1085
1020
673
94
93
1024
95
1484
1025
672
1026
1018
671
674
1445
1095
745
395
675
1027
1443
1093
743
393
1444
1094
744
394
676
669
670
1028
667
1017
1375
1376
1374
668
677
1429
1079
729
379
1428
1078
728
378
678
730
380
1430
1080
1377
1600
1029
1591
501
500
502
851
850
1201
1200
1551
1550
323
852
1202
1552
1378
322
1563
3
1582
317
321
507
506
508
857
856
858
1207
1206
1208
1557
1556
1558
1440
1090
740
390
1379
324
1441
1091
741
391
1442
1092
742
392
679
1573
325
1367
326
319
320
318
1437
1087
737
387
327
1439
1089
739
389
328
1438
1088
738
388
154
329
1315
965
615
265
1314
964
614
264
1313
963
613
263
108
361
1312
962
612
262
1311
961
611
261
1310
960
610
260
711
802
795
801
798
797
796
799
800
1061
1519
1169
819
469
1411
1152
1145
1151
1148
1147
1146
1149
1150
1502
1498
1495
1501
1497
1496
1500
1499
1309
959
609
259
1308
958
608
258
1307
957
607
257
446
447
450
449
452
448
445
451
155
1305
955
605
255
1304
954
604
254
1306
956
606
256
458
808
1158
1508
358
708
111
110
109
362
712
1062
1412
733
383
1433
1083
805
731
381
1431
1081
1155
1505
732
382
1432
1082
455
158
1058
123
120
131
124
121
122
113
112
147
114
116
115
119
117
118
99
96
98
97
126
129
1635
1625
127
125
130
128
1408
105
102
107
104
101
103
106
100
854
853
855
834
833
832
822
821
820
1562
2
843
840
837
842
839
831
836
830
849
846
838
841
835
848
845
829
847
844
1204
1203
1205
825
824
828
827
823
826
1184
1183
1182
1554
1553
1555
1172
1171
1170
1534
1533
1532
1522
1521
1520
1193
1190
1187
1192
1189
1186
1181
1180
1199
1196
1191
1188
1185
1198
1195
1179
1197
1194
1175
1543
1540
1537
1178
1174
1542
1539
1536
1531
1177
1173
1530
1541
1538
1535
1549
1546
1176
1548
1545
1529
1547
1544
1525
1524
1528
1527
1523
1526
148
17
16
149
140
806
1482
1132
782
432
1481
1131
781
431
504
503
505
1480
1130
780
430
484
483
482
472
471
470
1156
1506
493
490
487
492
489
486
491
488
485
481
499
496
480
142
498
495
479
497
494
475
478
474
477
473
476
456
860
859
861
159
1210
1209
1211
444
794
145
156
1560
1144
1559
1561
1494
1407
141
709
1059
1409
510
509
511
359
152
146
144
153
151
160
157
143
150
1518
1168
818
468
1057
775
776
774
1125
1126
1124
1475
1476
1474
425
426
424
707
251
453
803
601
1153
1503
1467
1117
767
417
1466
1116
766
416
1465
1115
765
415
1410
1060
710
360
1453
778
779
777
357
1128
1299
949
1129
807
1127
1478
599
249
1479
1477
1157
1507
457
951
428
429
427
1460
1110
760
410
1461
1111
761
411
1459
1109
759
409
1464
1114
764
414
1463
1113
763
413
1462
1112
762
412
1301
1457
1107
757
407
1458
1108
758
408
1456
1106
756
406
1303
953
603
253
1103
11
555
205
554
204
556
206
627
277
1327
977
626
276
1255
905
1254
904
1256
906
1326
976
625
275
1325
975
10
600
250
1300
950
9
8
512
162
1212
862
753
7
1564
620
270
1320
970
621
271
1321
971
619
269
1319
969
513
163
1213
863
403
602
252
1302
952
467
1517
1167
817
587
237
1287
937
514
164
1214
864
588
238
1288
938
751
1101
750
1451
589
239
1289
939
590
240
1290
940
1100
401
400
1450
591
241
1291
941
755
459
592
242
1292
942
809
1159
1509
85
40
87
42
91
46
84
39
90
45
86
41
1105
69
51
1455
73
55
81
63
79
61
67
49
71
53
593
243
1293
943
89
44
88
43
634
284
635
285
636
286
1334
984
1335
985
1336
986
642
292
640
290
641
291
1342
992
1340
990
1341
991
638
288
637
287
639
289
1338
988
1337
987
1339
989
77
59
75
57
646
296
1346
996
647
297
648
298
1347
997
1348
998
542
539
192
189
543
540
193
190
544
541
194
191
1242
1239
892
889
527
524
177
174
528
525
178
175
1243
1240
893
890
529
526
179
176
1244
1241
894
891
622
272
1227
1224
877
874
1322
972
1228
1225
878
875
1229
1226
879
876
623
273
624
274
1323
973
1324
974
536
533
530
186
183
180
521
518
515
171
168
165
537
534
531
187
184
181
522
519
516
172
169
166
538
535
532
188
185
182
523
520
517
173
170
167
1236
1233
1230
886
883
880
1221
1218
1215
871
868
865
1237
1234
1231
887
884
881
1222
1219
1216
872
869
866
1238
1235
1232
888
885
882
1223
1220
1217
873
870
867
405
552
202
551
201
553
203
1252
902
1251
901
1253
903
549
199
548
198
550
200
4
1249
899
1248
898
1250
900
594
244
15
1294
944
14
1607
1298
948
598
248
1606
629
279
1329
979
630
280
1330
980
628
278
1328
978
1605
466
1516
1166
816
1317
967
617
267
1318
968
618
268
1316
966
616
266
13
1331
981
631
281
1604
1332
982
632
282
1333
983
633
283
1603
12
585
235
586
236
584
234
1285
935
1286
936
1284
934
1404
1054
704
354
595
245
1295
945
546
196
545
195
547
197
1246
896
1245
895
1247
897
582
232
583
233
581
231
1282
932
1283
933
1281
931
1405
1055
705
355
579
229
580
230
578
228
1279
929
1280
930
1278
928
576
226
577
227
575
225
1276
926
1277
927
1275
925
1406
1056
706
356
645
295
644
294
1345
995
1344
994
643
293
1343
993
223
573
574
224
572
222
1273
923
1274
924
1272
922
570
220
571
221
569
219
1270
920
1271
921
1269
919
567
217
568
218
566
216
1267
917
1268
918
1266
916
5
6
564
214
565
215
563
213
1264
914
1265
915
1263
913
465
1515
1165
815
561
211
562
212
560
210
1261
911
1262
912
1260
910
558
208
559
209
557
207
908
1258
1259
909
1257
907
1401
1051
701
351
1403
1053
703
353
1399
1049
699
349
596
246
1296
946
1472
1122
772
422
1473
1123
773
423
1471
1121
771
421
1469
1119
769
419
1470
1120
770
420
1468
1118
768
418
1427
1077
727
377
1425
1075
725
375
1423
1073
723
373
1419
1069
719
369
1421
1071
721
371
1417
1067
717
367
1395
1045
695
345
1397
1047
697
347
1393
1043
693
343
1389
1039
689
339
1391
1041
691
341
1387
1037
687
337
135
133
132
134
804
137
136
139
138
1383
1033
683
333
1385
1035
685
335
1381
1031
681
331
1154
1504
1514
1164
814
464
161
1448
1098
748
398
1415
1065
715
365
1513
1163
813
463
454
462
1512
1162
812
460
810
1160
1510
461
1511
1161
811
1611
1610
1601
1609
1602
1608
1
1454
1452
1449
1447
1446
1426
1424
1422
1420
1418
1416
1414
1413
1402
1400
1398
1396
1394
1392
1390
1388
1386
1384
1382
1380
1365
1363
1361
1359
1357
1355
1353
1351
1349
1297
1104
1102
1099
1097
1096
1076
1074
1072
1070
1068
1066
1064
1063
1052
1050
1048
1046
1044
1042
1040
1038
1036
1034
1032
1030
1015
1013
1011
1009
1007
1005
1003
1001
999
947
754
752
749
747
746
726
724
722
720
718
716
714
713
702
700
698
696
694
692
690
688
686
684
682
680
665
663
661
659
657
655
653
651
649
597
404
402
399
397
396
376
374
372
370
368
366
364
363
352
350
348
346
344
342
340
338
336
334
332
330
315
313
311
309
307
305
303
301
299
247
