14337
14422
19904
17883
13999
19607
19608
19605
19606
20158
20166
20173
20180
17688
17696
17669
17679
13806
13845
13892
13946
20599
20601
20603
20604
14420
36202
36204
36198
36200
36389
36393
36378
36385
15568
15592
15501
15537
18325
18842
36304
36310
36316
36322
21505
21511
21515
21522
14391
14395
14399
14403
18241
21256
21253
21265
21262
22063
22060
22078
22071
21865
21862
21880
21873
21579
21576
21598
21589
17720
17724
17728
17732
36397
36399
36391
36395
32597
32598
32601
32602
32605
32606
32609
32610
20932
20935
20926
20929
15853
15863
15827
15840
20923
20924
20921
20922
21061
15608
15590
15566
15535
22072
21874
21590
33832
33836
33818
33826
33676
33686
33662
33668
33623
33626
33619
33622
33828
33834
33812
33820
33250
33252
33254
33256
32718
32709
33670
33678
33660
33664
33091
33109
33113
33121
32233
32574
32576
32578
32580
32582
32584
32586
32588
33773
33775
33777
33779
33822
33830
32830
32844
32864
32888
33808
33814
32283
33653
33655
33657
33659
33629
33631
33633
33635
33710
33714
33702
33706
32546
32551
33558
33560
33562
33564
32556
32561
31121
36431
36425
36417
36405
36414
36674
36666
36658
36646
36655
36629
36621
36613
36601
36610
36562
36551
36540
36522
36531
33816
33824
33806
33810
19661
15733
15746
15754
15761
19888
19852
19772
30594
30600
30622
30650
30682
30708
30732
30748
30754
30758
30764
30542
30548
30579
30616
30644
30674
30700
30724
30730
30744
30756
30492
30498
30527
30573
30610
30636
30666
30692
30698
30720
30742
30431
30437
30477
30521
30567
30602
30628
