14420
17883
19904
14337
13999
13808
13847
14393
14397
13892
13948
14401
14405
14422
20158
20166
20173
20180
18241
18842
18286
18325
15733
15746
15754
15761
36084
36086
36078
36082
15608
15590
15566
15535
30594
30600
30622
30650
30682
30708
30732
30748
30754
15569
30758
30764
30542
30548
15593
30579
30616
30644
30674
15502
30700
30724
30730
30744
15538
35371
32174
30756
30492
30498
30527
30573
30610
30636
30666
30692
30698
30720
30742
30431
30437
30477
30521
30567
30602
30628
30658
30664
30688
30718
30561
30565
30596
30624
30652
30684
30710
30734
30738
30750
30760
30511
30515
30544
30581
30618
30646
30676
30702
30706
30726
30746
30450
30454
30494
30529
30575
30612
30638
30668
30672
30694
30722
30517
30519
30563
30598
30626
30654
30686
30712
30714
30736
30752
30456
30458
30513
30546
30583
30620
30648
30678
30680
30704
30728
30384
30386
30452
30496
30531
30577
30614
30640
30642
30670
30696
30378
30382
30433
30479
30523
30569
30604
30630
30634
30660
30690
30316
30318
30380
30435
30481
30525
30571
30606
30608
30632
30662
32233
32283
17688
17696
17669
17679
17720
17724
17728
17732
32718
34473
34475
34469
34471
32709
20921
20922
20924
20599
20601
20603
20604
20935
20926
20929
20832
20835
20840
15654
15641
15630
15623
19585
19586
19587
19588
32830
32844
32864
32888
15853
15863
15827
15840
36312
36313
36314
19175
19176
19170
19173
33091
33109
33113
33121
32574
32576
32578
32580
32582
32584
32586
32588
33250
33252
33254
33256
16546
36397
21047
21050
21052
21055
21058
21060
21062
21064
