14422
19904
17883
14000
20596
20598
20592
20593
13808
20320
20322
20324
13847
13894
13948
20326
21280
21281
21275
21278
20599
20601
20603
20604
14420
36389
36393
36378
36385
21091
21093
21088
21089
15569
15593
15502
15538
20396
18241
20391
20932
14391
21256
17721
17725
33836
20935
21253
20926
14397
15819
15832
21511
17733
33832
14401
20929
21265
21505
21262
36195
33686
33662
31121
17729
36405
36414
21596
17605
16546
17392
33635
31438
31489
14405
21592
33633
20921
20922
31602
20923
20924
22063
21217
22060
33631
33826
22075
33629
33818
33676
22071
33668
21865
21862
15853
15863
33254
21579
21877
21576
21219
33592
33588
33584
33580
32709
33775
33834
21212
15608
15590
15566
15535
21590
19764
21598
33812
33341
33337
32059
36395
32586
32588
21050
21055
21060
21215
32582
33830
33619
33822
33622
31542
21589
32379
33585
33589
35754
35756
33626
33623
19852
20840
20838
30437
30477
30431
30521
22068
20832
17977
22070
21866
33828
17978
21870
22061
17982
33808
21872
15733
15746
17986
15773
17991
33577
33581
19661
15761
33814
17997
18002
18005
32250
36655
18006
36523
36653
36528
18008
18104
36531
32230
21577
18109
21584
21588
18113
18095
36646
21873
36417
30565
30561
30596
33820
30624
18103
18075
21863
18085
30511
30515
30544
30581
30618
30718
30646
32580
30676
30702
30706
30688
30726
30746
30450
30664
32380
32387
33558
30454
30494
30529
30575
30612
30638
30668
30672
30658
30694
30722
33560
30598
30583
30628
18060
30602
30563
30546
30567
18051
33562
30560
30513
21861
30377
30449
30510
30519
