177
597
328
179
269
106
230
377
178
375
378
326
97
227
119
96
370
192
170
369
368
372
95
129
98
202
301
193
225
287
107
190
229
206
386
385
203
376
185
118
184
159
157
221
384
187
271
102
332
285
300
174
183
303
323
327
83
421
401
175
194
161
117
251
101
204
105
314
205
195
284
302
104
103
479
99
176
122
297
90
149
222
338
100
127
304
94
261
146
400
296
322
82
399
282
434
412
313
91
181
180
288
173
383
363
279
120
114
478
182
110
437
439
392
425
286
145
85
249
199
371
289
374
242
152
250
402
224
477
373
270
259
268
160
153
324
150
503
381
189
158
155
382
191
257
87
488
484
308
298
505
334
265
471
188
504
264
470
331
483
394
147
78
491
393
260
258
380
405
84
241
162
403
299
454
140
455
404
453
379
89
367
306
318
151
507
433
506
452
398
254
432
262
364
329
387
431
325
263
485
172
596
480
267
320
391
476
86
295
144
348
142
486
595
228
223
252
156
111
244
243
32
256
395
365
116
33
171
430
215
186
390
366
168
420
481
462
131
164
81
423
344
169
197
75
361
418
196
109
93
108
272
167
362
410
475
198
200
312
138
349
311
310
281
309
130
92
148
128
594
467
143
275
448
389
305
124
115
253
278
209
245
280
319
226
255
201
426
443
593
266
277
492
219
411
231
154
397
469
435
136
408
415
436
214
474
445
339
438
235
429
42
307
141
458
112
347
456
293
248
134
457
424
207
592
493
591
80
590
246
482
589
44
290
213
450
247
123
341
340
274
79
77
321
273
28
317
40
135
166
465
337
441
501
466
359
163
10
417
47
498
472
464
27
422
165
45
461
34
67
406
388
48
351
407
41
121
132
88
459
292
444
35
294
46
31
238
463
446
316
508
447
414
336
460
72
413
588
315
500
587
276
139
502
291
74
6
208
18
451
137
360
449
76
419
473
586
49
13
59
585
66
330
8
490
19
237
64
20
232
217
21
113
346
37
416
240
17
4
220
335
50
487
442
7
53
212
133
43
583
210
38
350
345
61
343
211
60
489
52
29
30
561
57
11
342
51
396
56
2
578
65
409
73
126
9
36
239
468
283
58
234
63
534
427
125
62
440
509
26
353
55
68
358
3
69
497
499
16
428
71
54
70
496
584
582
12
495
233
333
39
5
537
352
356
558
557
577
556
14
15
24
562
581
494
216
535
218
25
571
533
22
236
354
355
570
532
531
580
23
521
357
530
529
563
1
567
566
579
565
576
564
515
575
514
536
560
555
554
553
552
559
551
550
549
574
548
547
573
572
539
538
569
568
528
527
526
525
520
519
518
517
516
513
511
512
510
541
540
546
545
544
543
542
524
523
522
