22
35
36
75
77
80
81
114
206
279
281
282
333
335
341
358
381
383
410
12
13
14
15
16
17
18
20
24
25
26
27
28
29
30
31
32
33
34
117
43
44
45
46
47
48
49
50
51
52
66
67
68
69
362
363
364
365
366
367
368
369
370
371
372
373
359
2
21
37
38
39
40
41
42
79
118
119
120
121
122
123
124
125
126
127
128
129
228
229
230
231
232
233
234
235
280
389
360
1
227
236
74
597
285
286
596
284
82
84
361
514
542
557
83
105
106
107
108
109
110
111
112
19
154
511
513
104
113
382
115
384
76
380
409
266
181
3
278
256
70
71
72
73
54
55
53
56
57
58
59
60
61
62
63
64
65
116
283
385
224
225
226
223
253
254
255
252
208
310
237
217
218
219
220
222
209
210
211
212
213
214
215
216
221
246
247
248
249
251
238
239
240
241
242
243
244
245
250
263
259
257
264
265
260
261
258
140
262
96
78
538
169
86
540
497
386
267
269
271
273
275
87
97
95
268
270
272
274
276
277
512
88
98
11
453
85
347
9
89
99
10
343
8
344
483
345
346
94
336
4
90
100
337
338
339
5
6
7
390
573
103
577
576
91
101
473
583
572
92
102
591
377
378
379
376
574
411
412
413
414
415
416
417
419
418
375
582
595
594
420
421
422
423
424
425
426
427
428
429
430
575
589
541
93
578
207
332
580
581
588
579
309
342
590
584
592
539
586
587
593
585
469
470
471
472
302
141
174
301
299
171
152
173
357
303
153
300
142
143
144
145
146
147
148
149
183
151
491
492
175
172
150
23
176
304
374
515
498
170
485
493
494
319
334
313
322
318
489
320
193
317
130
131
132
133
134
135
136
137
138
139
516
517
518
196
192
484
316
495
509
194
323
191
177
179
305
307
315
487
488
321
190
490
312
496
510
189
195
187
314
486
197
178
180
306
308
388
188
186
311
463
464
465
466
182
185
184
454
455
456
457
458
459
460
461
462
467
468
407
408
406
519
521
523
525
527
529
531
533
535
405
537
520
522
524
526
528
530
532
534
536
297
324
325
326
327
328
329
330
198
199
200
201
202
203
204
331
205
296
295
294
293
499
500
501
502
503
504
505
506
340
292
508
507
291
290
298
387
288
479
480
475
289
476
477
287
478
474
482
349
350
351
352
353
354
355
356
481
348
543
544
545
546
547
548
549
550
551
552
553
554
555
556
558
559
560
561
562
563
564
565
566
567
568
569
570
571
399
400
401
402
404
391
392
393
394
395
396
397
398
403
155
156
157
158
159
160
161
162
163
164
165
166
167
168
431
432
433
434
435
436
437
438
439
440
441
452
443
444
445
446
447
448
449
450
451
442
