256
266
3
376
379
378
377
418
411
413
414
415
416
419
412
417
375
473
342
483
390
4
7
5
6
8
9
53
56
55
54
57
58
59
60
61
62
63
64
65
262
258
261
264
260
257
263
259
265
223
225
226
224
208
254
255
209
210
211
212
213
214
215
216
217
218
219
220
221
222
253
252
237
238
239
240
241
242
243
244
245
246
247
248
249
250
251
10
11
453
309
78
386
310
584
592
578
574
336
343
587
593
581
585
579
586
580
575
595
594
339
577
337
576
338
346
344
345
588
582
347
589
583
590
572
591
573
115
384
113
382
19
193
196
192
194
188
191
190
173
189
195
175
319
322
318
174
320
317
314
316
315
321
12
301
171
302
2
303
15
14
16
18
17
1
13
299
183
172
486
488
490
487
484
489
485
543
544
545
546
547
548
549
550
551
552
553
554
555
556
558
559
560
561
562
563
564
565
566
567
568
569
570
571
155
156
157
158
159
160
161
162
163
164
165
166
167
168
300
181
499
500
501
502
503
504
505
506
507
508
142
143
144
145
146
147
148
149
150
151
407
408
406
405
70
71
72
73
478
391
392
393
394
395
396
397
398
399
400
401
402
403
404
476
474
477
480
475
479
197
198
199
200
201
202
203
204
205
514
169
538
540
170
539
541
513
511
323
324
325
326
327
328
329
330
331
497
140
187
519
520
521
522
523
524
525
526
527
528
529
530
531
532
533
534
535
536
537
512
515
516
517
518
491
492
493
494
498
495
496
509
510
182
141
152
153
93
186
92
103
102
91
101
90
100
89
99
185
88
98
87
97
86
96
95
85
184
469
470
471
472
454
455
456
457
458
459
460
461
462
463
464
465
466
467
468
482
481
313
278
312
311
409
442
443
444
445
446
447
448
449
450
451
452
334
176
304
130
131
132
133
134
135
136
137
138
139
287
288
387
298
297
296
295
294
177
178
179
180
207
293
305
306
307
308
332
292
291
290
289
431
432
433
434
435
436
437
438
439
440
441
374
388
20
154
420
421
422
423
424
425
426
427
428
429
430
542
557
94
340
267
269
271
273
275
268
270
272
274
276
277
357
23
284
84
348
349
350
352
353
354
355
351
356
285
236
117
361
21
37
38
39
40
41
42
79
118
119
120
121
122
123
124
125
126
127
128
129
280
24
25
26
27
28
29
30
31
32
33
34
389
22
35
36
227
228
229
230
231
232
233
234
235
597
286
76
380
359
360
104
112
43
44
45
46
47
48
49
50
51
52
66
67
68
69
362
363
364
365
366
367
368
369
370
371
372
373
105
106
107
108
109
110
111
74
83
341
596
81
82
206
333
358
75
77
80
114
116
279
281
282
283
335
381
383
385
410
