94
118
119
120
121
122
123
124
125
126
127
128
129
357
358
207
206
7
5
6
4
332
333
8
9
10
163
164
165
166
157
158
566
567
568
569
570
159
168
564
571
558
559
560
561
562
563
156
167
155
160
11
565
161
409
410
557
136
233
154
134
231
132
229
135
232
162
133
230
236
138
235
137
234
131
228
196
195
194
193
192
191
190
189
188
322
321
320
319
318
317
316
315
314
251
111
110
108
109
77
105
106
107
104
112
78
76
381
139
75
279
278
250
511
512
374
578
580
581
453
187
545
546
547
551
552
553
554
548
549
550
556
543
544
555
452
451
444
445
446
447
448
449
450
443
406
407
408
377
376
378
379
54
53
55
56
93
92
91
184
90
405
89
186
88
185
582
583
87
86
579
387
73
71
72
70
537
96
541
170
298
313
312
95
311
102
101
100
99
98
496
169
538
540
594
595
97
103
153
404
442
255
286
254
539
430
429
422
423
424
425
426
427
428
421
253
420
289
335
85
515
471
472
390
380
480
478
477
476
469
74
382
383
403
391
392
393
394
395
396
397
401
400
399
398
402
474
475
479
389
470
361
519
521
513
81
463
464
465
466
295
296
294
293
252
292
291
375
290
473
525
482
523
481
533
527
529
531
535
297
516
517
226
510
225
487
485
486
488
484
489
143
144
145
142
148
147
141
149
146
3
179
467
468
224
180
267
269
271
273
275
117
499
500
501
502
504
503
505
341
495
152
490
491
492
509
498
460
514
308
116
506
461
456
459
457
458
455
597
300
462
176
304
542
172
305
223
454
177
306
337
338
339
336
262
260
258
261
257
259
264
265
263
256
266
178
359
494
150
114
307
151
323
197
508
575
572
573
360
182
584
586
587
493
483
507
113
520
388
522
518
593
590
588
589
591
574
497
585
592
536
385
84
386
347
342
140
348
528
526
530
532
524
115
534
440
433
434
435
436
437
438
439
432
441
431
576
577
349
350
351
352
353
354
355
356
310
222
183
268
270
272
274
276
277
334
324
329
328
327
326
330
325
331
198
204
203
202
201
200
199
205
344
345
346
343
299
82
171
175
303
83
174
302
181
301
173
309
227
384
340
283
288
285
284
130
238
239
240
241
242
243
244
246
247
248
237
245
217
218
219
249
216
215
213
214
209
208
211
210
212
220
221
59
60
61
62
63
64
57
65
58
418
419
411
412
413
414
415
416
417
287
1
2
12
13
14
15
16
17
18
19
20
21
22
23
24
25
26
27
28
29
30
31
32
33
34
35
36
37
38
39
40
41
42
43
44
45
46
47
48
49
50
51
52
66
67
68
69
79
80
280
281
282
362
363
364
365
366
367
368
369
370
371
372
373
596
