538
529
522
509
165
539
530
523
510
158
367
236
126
5
3
516
498
113
79
22
519
495
108
80
24
518
496
109
69
25
517
497
112
70
23
513
494
121
71
26
512
499
131
81
27
511
440
135
88
73
167
125
89
559
540
524
154
541
525
508
166
542
526
161
543
527
514
160
544
528
515
162
545
164
546
163
547
531
132
560
548
532
444
549
533
520
489
550
534
521
551
535
473
552
536
553
537
554
555
556
557
558
561
562
563
564
565
490
566
491
567
492
568
493
569
570
571
572
573
574
575
576
577
578
579
580
357
289
123
29
28
354
292
124
31
30
355
291
356
290
480
450
352
32
481
451
353
33
482
452
34
483
453
35
484
454
36
485
455
37
486
456
358
38
487
457
359
39
488
458
360
40
581
582
583
584
446
349
245
1
447
361
350
246
2
448
362
351
247
449
248
4
595
302
173
6
596
303
43
585
460
115
12
441
223
133
92
472
426
116
586
427
93
321
468
428
114
474
424
266
139
475
333
232
364
283
7
416
191
8
415
207
9
414
212
10
409
346
213
11
410
344
216
411
342
217
13
412
339
218
14
413
337
219
15
459
16
293
66
396
65
276
153
55
327
277
137
54
347
297
278
136
53
345
298
279
156
74
343
299
280
341
300
281
155
72
340
301
282
273
17
425
274
18
262
19
423
263
20
264
21
265
429
430
267
418
268
435
130
76
587
436
77
175
128
588
176
171
500
501
502
589
503
590
504
591
505
592
506
593
507
594
398
252
151
50
399
127
84
68
62
400
86
51
401
59
52
402
90
57
41
403
58
56
42
404
103
405
106
61
44
406
107
63
60
45
407
168
305
233
334
329
228
196
330
231
198
382
331
200
381
332
380
234
379
240
235
378
220
373
237
371
365
238
383
366
239
387
374
335
253
211
336
208
186
445
317
226
197
422
315
205
46
419
316
206
47
304
48
49
209
134
210
311
169
463
306
408
307
214
308
215
309
420
312
417
310
438
204
442
201
476
260
284
258
140
294
256
147
389
143
190
67
199
172
138
188
105
120
322
180
397
325
348
255
338
324
254
388
141
122
443
395
394
393
392
391
390
142
129
270
189
320
271
244
193
182
319
272
243
194
183
318
195
184
185
275
314
187
241
242
111
181
110
439
229
437
64
431
249
432
461
433
259
462
434
464
224
100
75
95
148
117
98
363
152
85
470
87
466
471
91
469
101
104
465
150
467
144
145
146
119
78
102
149
82
83
477
478
94
421
96
174
99
323
222
221
372
295
296
375
313
376
377
288
257
285
368
369
97
170
286
157
159
202
250
370
261
203
118
386
385
384
192
251
178
479
179
225
287
177
227
597
230
326
269
328
