3
206
207
333
332
6
7
4
5
8
10
9
11
409
410
131
132
133
134
135
136
137
138
228
188
189
190
191
192
193
194
195
196
229
230
231
232
233
234
235
236
314
315
316
317
318
319
320
321
322
537
251
104
105
106
107
108
109
110
111
112
77
310
114
225
226
224
78
116
254
255
253
184
187
197
223
139
179
313
185
186
323
594
172
130
307
182
222
595
180
198
336
337
338
339
300
311
312
324
420
421
422
423
424
425
426
427
428
429
430
250
157
158
159
160
161
162
163
164
165
166
168
390
183
199
200
201
202
203
204
205
511
512
308
442
443
444
445
446
447
448
449
450
451
452
174
175
325
326
327
328
329
330
331
227
252
374
545
546
547
548
549
550
551
552
553
554
556
564
565
566
567
568
569
570
571
167
221
391
474
475
476
477
478
479
480
481
482
392
393
394
395
396
397
398
399
400
401
402
403
404
453
155
156
113
154
555
560
561
562
563
115
376
377
378
379
473
302
303
405
406
407
408
543
544
558
559
53
54
55
56
142
143
144
145
146
147
148
149
150
278
279
542
557
169
170
483
484
485
486
487
488
489
499
500
501
502
503
504
505
506
141
386
507
153
208
209
210
211
212
213
214
215
216
217
218
219
220
387
513
538
540
176
177
178
288
498
347
539
541
140
237
238
239
240
241
242
243
244
245
246
247
248
249
343
344
345
346
496
510
256
257
258
259
260
261
262
263
264
265
266
342
57
58
59
60
61
62
63
64
65
152
173
304
305
306
497
431
432
433
434
435
436
437
438
439
440
441
359
495
509
151
490
491
492
301
382
383
469
470
471
472
171
298
493
578
579
580
581
582
583
381
286
289
290
291
292
293
294
295
296
297
388
494
508
519
521
523
525
527
529
531
533
535
299
335
517
75
267
269
271
273
275
309
514
515
516
584
585
586
587
588
589
590
591
592
593
95
96
181
97
98
99
100
101
102
103
348
349
350
351
352
353
354
355
356
389
572
573
574
575
576
577
597
117
268
270
272
274
276
277
341
361
518
520
522
524
526
528
530
532
534
536
81
285
385
284
454
455
456
457
458
459
460
461
462
463
464
465
466
467
468
375
411
412
413
414
415
416
417
418
419
70
71
72
73
1
2
12
13
14
15
16
17
18
19
20
22
23
24
25
26
27
28
29
30
31
32
33
34
35
36
287
83
360
82
340
283
37
38
39
40
41
42
43
44
45
46
47
48
49
50
51
52
66
67
68
69
362
363
364
365
366
367
368
369
370
371
372
373
384
334
357
21
358
596
80
282
84
85
86
87
88
89
90
91
92
93
79
94
118
119
120
121
122
123
124
125
126
127
128
129
74
76
380
280
281
