256
266
3
379
378
377
376
411
412
413
414
415
416
417
418
419
375
473
57
58
59
60
61
62
63
64
65
56
55
54
53
262
258
260
261
264
265
257
259
263
237
225
226
224
208
223
254
255
253
252
209
210
211
212
213
214
215
216
217
218
219
220
221
222
238
239
240
241
242
243
244
245
246
247
248
249
250
251
342
483
390
78
386
4
5
6
7
8
9
309
453
10
11
310
592
584
574
593
585
578
579
575
586
587
580
581
594
576
588
595
336
582
589
343
577
583
337
338
339
344
345
346
347
590
591
572
573
193
196
192
194
191
319
190
322
318
189
320
195
317
188
316
173
315
321
314
175
301
174
302
171
303
181
299
115
384
113
382
183
514
486
484
487
488
490
485
489
172
300
142
143
144
145
146
147
148
149
150
151
478
474
476
477
480
475
479
499
500
501
502
503
504
505
506
507
508
407
408
513
511
406
482
405
481
197
70
71
72
73
169
198
199
200
201
202
203
204
205
140
497
323
324
325
326
327
328
329
330
331
391
392
393
394
395
396
397
398
399
400
401
402
403
404
187
155
156
157
158
159
160
161
162
163
164
165
166
167
168
297
186
182
93
103
185
296
313
92
102
538
420
421
422
423
424
425
426
427
428
429
430
543
544
545
546
547
548
549
550
551
552
553
554
555
556
558
559
560
561
562
563
564
565
566
567
568
569
570
571
295
540
91
312
101
294
184
170
90
100
293
442
443
444
445
446
447
448
449
450
451
452
130
131
132
133
134
135
136
137
138
139
89
311
99
292
278
357
88
98
291
539
541
141
87
409
97
290
96
512
86
289
152
153
491
492
493
494
498
94
176
304
95
85
495
496
509
510
519
520
521
522
523
524
525
526
527
528
529
530
531
532
533
534
535
536
537
334
469
470
471
472
285
515
516
517
518
361
284
267
269
271
273
275
268
270
272
274
276
277
431
432
433
434
435
436
437
438
439
440
441
287
288
298
387
454
455
456
457
458
459
460
461
462
463
464
465
466
467
468
389
1
2
12
13
14
15
16
17
18
19
20
21
22
23
24
25
26
27
28
29
30
31
32
33
34
35
36
37
38
39
40
41
42
79
118
119
120
121
122
123
124
125
126
127
128
129
227
228
229
230
231
232
233
234
235
236
280
154
340
374
84
348
349
350
351
352
353
354
355
356
388
597
117
542
557
207
332
177
178
179
180
305
306
307
308
43
44
45
46
47
48
49
50
51
52
66
67
68
69
362
363
364
365
366
367
368
369
370
371
372
373
286
360
359
74
76
380
104
105
106
107
108
109
110
111
112
83
596
341
81
82
206
333
358
75
77
80
114
116
279
281
282
283
335
381
383
385
410
