78
375
256
266
53
417
418
3
56
55
54
59
65
64
63
62
61
60
58
57
379
378
377
376
419
416
415
414
413
411
412
224
253
225
254
226
255
237
223
252
208
262
264
265
261
260
258
263
259
257
115
384
113
382
220
219
218
217
222
221
216
215
214
213
212
211
210
209
249
248
247
246
251
250
245
244
243
242
241
240
239
238
342
4
386
5
7
6
8
9
175
310
10
11
473
390
303
315
189
314
188
483
302
174
316
190
301
173
317
191
318
192
309
343
344
346
345
347
319
193
453
320
194
321
195
322
196
171
36
35
22
514
299
300
172
336
12
15
16
14
18
17
13
20
34
33
32
31
30
29
28
27
26
25
24
337
339
338
584
592
578
574
593
575
585
579
587
586
581
580
594
576
185
595
577
2
42
41
40
39
38
37
21
588
582
285
589
583
341
333
206
81
358
313
410
383
381
335
282
281
279
114
80
77
75
312
187
186
406
590
572
513
573
591
511
1
373
372
371
370
369
368
367
366
365
364
363
362
69
68
67
66
52
51
50
49
48
47
46
45
44
43
407
117
597
486
184
408
284
484
488
487
490
389
359
485
489
280
129
128
127
126
125
124
123
122
121
120
119
118
79
235
234
233
232
231
230
229
228
405
86
360
87
97
181
98
88
89
99
236
227
311
19
90
100
103
91
101
84
92
102
93
96
74
140
361
596
497
286
149
148
147
146
145
144
143
142
151
150
297
296
295
294
293
292
291
290
73
72
71
70
85
82
95
23
169
538
540
83
472
471
470
469
183
557
542
409
154
112
111
110
109
108
107
106
105
278
541
539
512
506
505
504
503
502
501
500
499
508
507
170
182
104
380
76
277
276
274
272
270
268
289
357
275
273
271
269
267
323
141
197
430
429
428
427
426
425
424
423
422
421
420
152
94
153
492
491
139
138
137
136
135
134
133
132
131
130
385
283
116
498
388
494
493
466
465
464
463
468
467
462
461
460
459
458
457
456
455
454
374
509
495
510
496
334
515
340
518
517
516
176
304
207
332
535
533
531
529
527
525
523
521
519
537
522
520
536
534
532
530
528
526
524
479
480
475
476
477
478
474
387
298
482
288
481
287
356
355
354
353
352
351
350
349
348
571
570
569
568
567
566
565
564
563
562
561
560
559
558
556
555
554
553
552
551
550
549
548
547
546
545
544
543
168
167
166
165
164
163
162
161
160
159
158
157
156
155
441
440
439
438
437
436
435
434
433
432
431
330
329
328
327
326
325
324
204
203
202
201
200
199
198
331
205
452
451
450
449
448
447
446
445
444
443
442
179
177
307
305
180
178
308
306
402
401
400
399
404
403
398
397
396
395
394
393
392
391
