256
266
56
55
54
57
58
60
61
62
63
64
65
53
59
310
262
258
260
261
264
265
257
259
263
237
208
386
209
210
211
212
213
214
215
216
217
218
219
220
221
222
226
225
238
239
240
241
242
243
244
245
246
247
248
249
250
251
223
224
255
254
252
253
3
342
309
379
378
376
377
411
412
413
414
415
416
419
473
584
592
578
574
417
418
593
585
575
586
587
483
579
580
581
390
453
594
576
336
595
577
588
582
337
338
339
590
572
589
583
591
573
343
4
344
345
346
5
6
7
347
8
10
9
11
181
196
195
322
194
321
193
320
192
319
191
318
190
317
189
316
315
188
183
314
171
299
514
175
174
303
173
302
301
478
474
476
477
480
475
479
169
70
71
72
73
482
481
538
182
540
197
198
199
200
201
202
203
204
205
140
323
324
325
326
327
328
329
330
331
391
392
393
394
395
396
397
398
399
400
401
402
403
404
408
497
172
407
170
405
406
420
421
422
423
424
425
426
427
428
429
430
155
156
157
158
159
160
161
162
163
164
165
166
167
168
300
93
103
539
541
92
102
297
512
543
544
545
546
547
548
549
550
551
552
553
554
555
556
558
559
560
561
562
563
564
565
566
567
568
569
570
571
91
101
187
296
90
100
186
295
89
99
184
185
294
313
442
443
444
445
446
447
448
449
450
451
452
88
95
96
98
267
269
271
273
275
293
311
312
87
97
289
292
85
86
268
270
272
274
276
277
291
469
470
471
472
290
361
374
431
432
433
434
435
436
437
438
439
440
441
454
455
456
457
458
459
460
461
462
463
464
465
466
467
468
284
285
287
288
298
340
348
349
350
351
352
353
354
355
356
387
389
388
360
83
84
1
2
12
13
14
15
16
17
18
19
20
21
22
23
24
25
26
27
28
29
30
31
32
33
34
35
36
37
38
39
40
41
42
43
44
45
46
47
48
49
50
51
52
66
67
68
69
74
75
76
77
78
79
80
81
82
94
104
105
106
107
108
109
110
111
112
113
114
115
116
117
118
119
120
121
122
123
124
125
126
127
128
129
130
131
132
133
134
135
136
137
138
139
141
142
143
144
145
146
147
148
149
150
151
152
153
154
176
177
178
179
180
206
207
227
228
229
230
231
232
233
234
235
236
278
279
280
281
282
283
286
304
305
306
307
308
332
333
334
335
341
357
358
359
362
363
364
365
366
367
368
369
370
371
372
373
375
380
381
382
383
384
385
409
410
484
485
486
487
488
489
490
491
492
493
494
495
496
498
499
500
501
502
503
504
505
506
507
508
509
510
511
513
515
516
517
518
519
520
521
522
523
524
525
526
527
528
529
530
531
532
533
534
535
536
537
542
557
596
597
