53
417
418
54
55
56
59
175
188
189
303
314
315
174
190
302
316
173
191
301
317
57
58
60
61
62
63
64
65
192
318
3
193
319
4
5
6
7
8
9
10
11
194
320
195
321
343
344
345
346
196
322
347
171
172
299
300
185
186
187
224
253
312
313
406
514
225
254
407
184
226
255
408
223
252
405
237
311
390
86
87
88
89
90
91
92
93
97
98
99
100
101
102
103
285
483
96
208
290
291
292
293
294
295
296
297
377
378
379
140
181
309
497
1
2
12
13
14
15
16
17
18
19
20
21
22
23
24
25
26
27
28
29
30
31
32
33
34
35
36
37
38
39
40
41
42
85
284
70
71
72
73
95
183
376
469
470
471
472
84
169
170
182
289
310
538
539
540
541
597
336
337
338
339
361
512
43
44
45
46
47
48
49
50
51
52
66
67
68
69
197
323
362
363
364
365
366
367
368
369
370
371
372
373
389
268
270
272
274
276
277
340
388
454
455
456
457
458
459
460
461
462
463
464
465
466
467
468
155
156
157
158
159
160
161
162
163
164
165
166
167
168
256
257
258
259
260
261
262
263
264
265
266
267
269
271
273
275
287
288
298
342
348
349
350
351
352
353
354
355
356
374
386
387
411
412
413
414
415
416
419
420
421
422
423
424
425
426
427
428
429
430
431
432
433
434
435
436
437
438
439
440
441
442
443
444
445
446
447
448
449
450
451
452
453
473
474
475
476
477
478
479
480
481
482
543
544
545
546
547
548
549
550
551
552
553
554
555
556
558
559
560
561
562
563
564
565
566
567
568
569
570
571
572
573
574
575
576
577
578
579
580
581
582
583
584
585
586
587
588
589
590
591
592
593
594
595
83
198
199
200
201
202
203
204
205
209
210
211
212
213
214
215
216
217
218
219
220
221
222
238
239
240
241
242
243
244
245
246
247
248
249
250
251
324
325
326
327
328
329
330
331
360
391
392
393
394
395
396
397
398
399
400
401
402
403
404
596
74
75
76
77
78
79
80
81
82
94
104
105
106
107
108
109
110
111
112
113
114
115
116
117
118
119
120
121
122
123
124
125
126
127
128
129
130
131
132
133
134
135
136
137
138
139
141
142
143
144
145
146
147
148
149
150
151
152
153
154
176
177
178
179
180
206
207
227
228
229
230
231
232
233
234
235
236
278
279
280
281
282
283
286
304
305
306
307
308
332
333
334
335
341
357
358
359
375
380
381
382
383
384
385
409
410
484
485
486
487
488
489
490
491
492
493
494
495
496
498
499
500
501
502
503
504
505
506
507
508
509
510
511
513
515
516
517
518
519
520
521
522
523
524
525
526
527
528
529
530
531
532
533
534
535
536
537
542
557
