185
132
98
177
221
139
13
41
122
214
92
53
206
26
89
109
169
161
158
79
223
119
15
194
73
165
83
163
203
188
24
175
154
16
131
64
77
60
210
167
30
121
116
111
93
201
118
187
138
90
145
56
102
112
180
58
127
176
10
197
183
195
212
166
114
198
115
1
205
113
123
228
202
33
44
12
94
184
192
110
35
141
151
216
200
189
120
34
9
5
126
148
54
70
101
97
29
144
159
152
84
65
88
47
39
117
149
160
18
182
48
67
125
219
193
134
172
37
222
95
2
17
128
170
155
22
227
99
20
136
46
133
143
179
74
140
226
105
174
142
28
100
21
63
124
211
196
147
181
96
36
52
103
218
104
171
146
173
50
25
51
32
82
107
190
162
178
3
68
153
40
62
91
38
27
164
156
220
135
72
11
45
4
157
19
225
57
75
199
42
137
61
168
186
71
31
66
7
150
217
6
85
106
204
108
81
8
49
43
208
224
213
207
23
78
80
69
130
76
14
215
59
86
209
55
191
87
129
