140
21
18
17
16
15
14
13
12
11
186
152
151
185
19
155
143
184
181
180
179
33
34
35
61
36
165
183
166
168
167
37
170
169
38
171
172
178
89
97
173
139
90
114
115
98
116
91
175
176
174
65
177
66
92
85
99
107
106
105
93
67
100
94
101
68
102
148
96
95
146
210
209
112
111
110
109
108
104
103
113
39
40
32
31
30
29
28
27
26
25
24
182
22
41
129
220
219
130
117
221
214
213
218
217
216
215
42
62
153
118
131
86
119
120
212
211
132
43
121
69
223
122
133
224
44
123
134
70
45
135
71
136
87
46
88
83
72
10
9
8
7
124
137
64
47
73
6
5
63
59
125
74
126
222
203
196
195
204
150
228
227
127
164
163
162
161
160
159
158
157
226
225
198
197
190
189
206
205
156
154
202
201
200
199
194
193
192
191
208
207
128
48
56
55
54
53
52
51
50
49
75
80
79
78
77
76
2
149
188
187
20
4
138
1
23
3
84
82
81
60
58
57
147
145
144
142
141
