80
99
110
89
93
143
105
86
30
69
54
65
169
97
73
177
119
88
113
76
154
114
58
23
108
72
124
45
137
162
15
37
166
103
107
176
49
17
4
3
95
161
56
70
2
116
126
53
41
121
160
112
85
140
142
109
34
31
32
149
133
26
24
67
66
19
96
40
139
157
10
18
146
90
145
78
152
59
163
74
81
101
179
156
148
84
138
43
48
123
168
167
100
130
125
102
170
71
118
127
47
134
128
68
171
117
75
82
92
20
44
7
147
35
131
120
21
33
5
104
122
174
155
63
55
132
175
28
62
50
1
83
42
79
111
13
178
135
29
16
129
64
94
52
22
61
172
153
60
151
141
27
98
158
165
46
144
39
159
115
6
14
51
77
12
106
150
164
38
57
8
25
173
136
87
36
9
91
11
