3
84
129
33
8
156
48
12
45
60
95
75
80
169
153
164
167
11
42
25
151
157
34
51
96
27
173
135
120
85
38
171
133
2
110
65
102
35
107
59
116
105
47
121
124
127
170
114
19
77
160
168
123
43
57
142
125
149
41
83
32
99
62
150
136
54
68
141
93
122
29
119
131
118
108
76
28
72
162
46
15
55
67
90
132
106
101
148
117
61
1
104
159
6
23
152
86
53
103
112
92
94
145
20
31
89
155
177
163
71
134
73
87
111
97
69
44
88
56
128
165
138
64
14
4
176
147
172
36
9
5
49
26
10
16
161
74
139
58
52
79
140
174
37
115
175
81
39
158
130
100
21
66
143
22
144
109
178
40
126
137
98
18
166
82
63
17
146
13
179
91
30
50
154
70
24
113
7
78
