126
160
35
183
34
189
190
127
150
211
40
38
41
191
39
185
162
36
194
181
157
47
128
156
193
192
195
133
182
161
227
43
31
210
135
48
151
163
93
94
45
132
95
131
144
139
134
145
32
96
52
3
186
188
42
4
228
37
136
146
226
49
102
33
184
187
180
129
152
46
138
117
50
70
158
55
130
6
63
98
118
159
101
100
91
62
5
155
78
97
148
113
124
143
51
198
125
115
137
149
56
7
17
67
147
176
88
15
196
142
61
116
90
53
44
19
65
86
74
60
179
22
122
103
69
154
75
2
59
104
26
79
76
81
164
178
64
89
108
106
85
66
153
20
120
123
199
80
197
92
107
175
121
200
212
141
84
214
170
68
58
28
105
177
119
83
30
87
18
73
114
16
82
54
140
29
208
207
77
72
111
109
112
206
169
167
110
205
25
23
21
99
24
168
8
204
225
13
224
11
14
166
213
171
71
27
223
209
201
222
57
203
202
165
221
218
1
215
12
9
10
174
172
173
220
219
216
217
