3
23
145
149
153
1
20
142
151
4
144
147
143
150
152
2
5
6
7
8
9
10
22
141
165
166
167
168
169
170
171
172
173
174
175
176
177
178
179
180
181
182
183
184
185
186
139
21
154
155
156
140
19
11
12
13
14
15
16
17
18
211
212
210
209
222
221
138
217
218
219
220
215
216
214
62
213
223
224
27
28
29
30
31
32
130
64
115
131
129
114
88
86
116
63
189
132
204
205
207
190
191
192
193
194
195
196
197
198
199
200
201
202
203
206
208
95
103
117
163
104
96
164
133
187
188
118
227
228
134
108
109
110
111
112
113
119
87
135
157
120
158
161
122
162
159
136
160
121
137
71
74
70
72
73
69
126
75
125
44
43
47
42
45
41
146
148
40
123
46
68
48
124
39
67
127
66
226
128
65
25
26
38
57
81
36
37
76
77
78
79
80
24
35
58
60
82
84
34
225
59
61
83
85
33
49
50
51
52
53
54
55
56
91
99
90
98
94
102
106
107
93
101
89
97
92
100
105
