86
88
164
163
63
19
11
12
13
14
15
16
17
18
160
162
161
159
158
157
62
223
224
213
220
214
215
216
217
218
219
221
222
209
210
211
212
154
155
156
188
208
207
96
95
187
206
205
104
103
228
227
39
44
43
47
42
45
41
40
46
92
94
93
100
91
90
102
69
101
71
89
74
72
70
73
99
98
97
87
48
49
50
51
52
53
54
55
56
138
36
38
165
166
167
168
169
170
171
172
173
174
175
176
177
178
179
180
37
35
34
33
189
75
190
191
192
193
194
195
196
197
198
199
200
201
202
203
204
76
77
78
79
80
68
67
66
21
65
57
81
128
127
124
123
58
59
60
61
126
125
82
83
84
85
137
136
135
134
225
133
226
122
22
121
120
132
119
118
117
7
8
9
10
181
182
183
184
24
105
131
25
106
26
107
64
5
6
185
186
140
116
114
139
115
130
32
113
27
28
29
30
31
108
109
110
111
112
2
141
129
151
4
144
147
20
1
142
3
23
143
145
146
148
149
150
152
153
