138
187
188
226
225
24
25
26
27
28
29
30
31
32
183
228
227
173
105
106
108
107
68
67
38
36
35
66
34
109
110
111
112
176
175
174
177
184
185
186
47
46
45
44
43
42
41
40
39
65
33
178
113
181
180
182
179
143
64
37
74
73
72
71
70
69
100
92
99
91
98
90
97
89
126
153
155
131
152
102
101
146
94
93
148
127
172
132
133
134
135
136
137
130
103
104
95
96
125
124
19
123
171
140
145
147
84
60
61
85
128
116
117
154
118
119
120
121
122
168
139
115
169
57
81
129
58
82
59
83
14
165
15
170
167
114
87
166
13
63
88
11
156
12
16
75
48
86
62
80
79
78
77
76
56
55
54
53
52
51
50
49
157
158
159
160
161
162
163
164
212
211
150
206
208
205
207
223
141
149
224
189
204
190
197
198
191
199
192
200
203
195
194
202
193
201
196
222
213
214
221
215
216
219
218
217
220
142
209
210
1
2
3
4
5
6
7
8
9
10
17
18
20
21
22
23
144
151
