220
217
215
212
196
221
216
213
209
197
219
214
198
223
218
199
200
187
201
188
202
171
222
203
172
204
173
224
205
174
137
27
20
7
136
99
29
21
8
140
84
28
23
9
141
51
26
24
10
143
68
25
11
147
57
12
149
71
13
154
72
30
22
14
148
87
37
6
1
225
206
226
207
138
227
208
164
228
179
182
77
2
184
46
3
4
18
16
5
177
165
127
112
178
129
111
130
110
180
175
131
91
119
109
181
176
132
92
151
117
105
53
152
125
104
60
166
153
124
103
59
167
123
102
168
155
122
101
55
169
156
121
100
54
170
157
120
58
158
98
61
159
118
97
56
186
81
41
33
189
116
82
190
83
78
191
79
192
85
80
193
86
194
113
195
114
88
115
89
76
93
146
96
63
107
73
44
210
161
139
128
19
183
133
134
185
135
17
162
145
69
163
108
75
142
106
74
144
160
42
32
95
94
64
62
52
90
211
45
47
43
66
49
67
15
50
126
65
70
48
36
31
35
150
40
39
38
34
