24
25
26
27
28
29
30
31
32
19
182
174
175
176
183
105
106
107
108
109
110
111
112
113
173
177
178
145
147
146
148
179
180
181
184
185
186
95
96
103
104
39
40
41
42
43
44
45
46
47
143
94
102
91
92
93
99
100
101
90
98
64
69
70
71
72
73
74
167
168
169
170
171
172
89
97
152
153
205
206
207
208
127
223
126
224
11
12
13
14
15
16
62
86
63
131
88
132
133
134
135
136
137
33
34
35
36
37
38
65
66
67
68
130
155
48
123
124
125
128
75
189
209
210
211
212
87
190
191
192
193
194
195
196
197
198
199
200
201
202
203
204
213
214
215
216
217
218
219
220
49
50
51
52
53
54
55
56
76
77
78
79
80
221
222
140
154
156
157
158
159
160
161
162
163
164
129
150
165
166
60
61
84
85
227
228
116
117
118
119
120
121
122
115
225
226
114
3
5
6
7
8
9
10
21
22
23
139
141
142
57
58
59
81
82
83
149
17
18
20
1
2
4
187
188
138
144
151
