88
86
164
163
63
206
208
205
207
160
187
188
162
159
161
96
104
158
95
103
157
19
11
12
13
14
15
16
17
18
62
154
155
223
224
213
214
215
216
217
218
219
220
221
222
209
210
211
212
227
228
156
44
43
47
42
45
41
40
39
46
74
71
72
70
73
69
138
87
92
100
94
102
93
101
91
99
90
98
89
97
189
190
191
192
193
194
195
196
197
198
199
200
201
202
203
204
48
49
50
51
52
53
54
55
56
36
75
38
76
77
78
79
80
37
35
128
127
34
68
67
124
66
33
123
65
126
125
57
81
122
137
121
136
120
135
119
134
118
133
117
132
131
116
115
130
139
114
129
140
58
59
60
61
82
83
84
85
151
1
2
3
4
5
6
7
8
9
10
20
21
22
23
141
142
144
147
165
166
167
168
169
170
171
172
173
174
175
176
177
178
179
180
181
182
183
184
185
186
24
25
26
27
28
29
30
31
32
105
106
107
108
109
110
111
112
113
225
226
64
143
145
146
148
149
150
152
153
