88
86
164
163
63
158
160
159
162
161
157
18
17
16
15
14
13
12
11
19
96
95
104
103
188
187
62
208
207
206
205
39
223
224
155
138
40
41
69
154
42
43
212
211
210
209
70
228
220
219
218
217
216
215
214
213
222
221
227
44
94
102
71
93
101
45
72
46
92
100
73
91
99
90
98
47
156
74
34
123
89
97
35
124
23
3
36
126
66
125
67
20
1
127
38
68
37
33
4
153
149
145
128
22
10
9
8
7
6
5
2
65
142
130
115
21
116
151
132
117
147
144
133
118
131
134
119
135
122
120
136
121
137
143
139
87
152
150
180
179
178
177
176
175
174
173
172
171
170
169
168
167
166
165
184
183
182
181
186
185
141
129
114
140
189
204
203
202
201
200
199
198
197
196
195
194
193
192
191
190
48
75
32
31
30
29
28
27
64
56
55
54
53
52
51
50
49
80
79
78
77
76
113
112
111
110
109
108
57
81
148
146
60
58
84
82
61
59
85
83
226
25
26
24
225
106
107
105
