5
4
88
86
63
2
164
163
158
160
159
162
161
157
1
208
207
206
205
224
223
96
104
103
95
188
187
62
228
227
138
19
213
214
216
215
220
219
218
217
221
222
18
17
16
15
14
13
12
11
209
210
212
211
154
39
47
46
45
44
43
42
41
40
155
69
74
73
72
71
70
156
87
128
102
94
100
92
99
91
98
90
189
101
93
97
89
127
203
202
201
196
195
194
193
200
199
192
191
198
197
190
204
126
125
124
123
48
38
137
122
37
75
56
55
54
53
52
51
50
49
36
35
34
136
33
121
3
135
120
134
119
68
67
66
80
79
78
77
76
65
133
118
132
117
139
116
23
81
57
151
131
130
115
142
20
147
144
140
141
22
182
6
10
9
8
7
166
165
168
167
170
169
171
172
177
176
174
175
179
178
181
180
173
186
185
184
183
21
129
114
145
149
153
84
82
60
58
85
61
83
59
32
31
30
29
28
27
143
113
112
111
110
109
108
150
26
25
24
105
107
106
152
226
225
64
146
148
