88
86
63
205
206
207
208
95
96
103
104
227
228
223
62
224
154
213
214
215
216
217
218
219
220
221
222
19
209
210
211
212
156
11
12
13
14
15
16
17
18
47
46
45
44
43
42
41
74
40
73
72
71
70
39
69
87
189
190
191
192
193
194
195
196
197
198
199
200
201
202
203
204
91
99
89
90
92
97
98
100
48
49
50
51
52
53
54
55
56
94
102
93
101
75
76
77
78
79
80
38
37
36
35
33
34
68
67
65
66
128
127
126
125
122
124
137
121
123
136
139
140
120
135
119
134
118
131
133
114
117
132
116
115
129
130
1
2
3
4
5
6
7
8
9
10
20
21
22
23
24
25
26
27
28
29
30
31
32
57
58
59
60
61
64
81
82
83
84
85
105
106
107
108
109
110
111
112
113
138
141
142
143
144
145
146
147
148
149
150
151
152
153
155
157
158
159
160
161
162
163
164
165
166
167
168
169
170
171
172
173
174
175
176
177
178
179
180
181
182
183
184
185
186
187
188
225
226
