1442
1441
1443
1448
1447
1445
1446
1444
32
35
34
31
1449
20
1414
1
2
7
937
11
845
1016
1080
1147
1379
1380
1381
1376
833
1377
1378
1374
1257
1366
1258
1367
1375
1259
1368
1061
1128
1060
1127
914
915
912
1115
1121
1054
1048
913
1116
1450
1117
122
123
1049
1050
991
949
948
990
947
946
1100
121
19
6
1101
875
876
8
877
874
1103
1125
1102
879
28
878
27
29
980
979
25
880
24
981
23
30
26
978
883
881
884
882
885
983
3
982
984
1033
887
886
987
985
888
988
889
986
1034
989
1075
1142
1146
1079
1144
1077
1140
1073
800
801
1036
1058
1035
802
943
1405
1421
996
1420
33
1423
1422
189
1406
1412
1418
1413
1411
1404
1410
1409
1417
1424
1416
1419
190
186
995
993
992
177
998
188
994
155
1081
1148
169
156
173
139
170
152
818
143
1451
174
140
642
175
141
790
819
716
272
172
176
142
154
817
816
827
1149
1082
828
135
346
1083
1150
136
420
494
568
933
932
187
829
138
830
153
803
43
804
1426
1425
1433
1432
1427
4
1434
1408
1407
117
1429
997
1436
1428
1435
1415
1430
974
1437
118
1431
1438
944
1382
1383
37
239
240
10
40
535
313
609
387
683
461
757
536
314
610
388
684
462
758
168
1391
1401
1400
1390
134
1399
1389
1398
1388
9
212
797
21
129
64
286
360
434
656
582
730
508
799
962
238
798
534
312
608
386
682
460
756
970
213
906
951
45
49
965
796
795
22
5
116
287
361
435
657
583
731
509
1156
952
961
1265
954
1182
1291
1208
1317
1234
1343
1264
124
1181
1290
1207
1316
1233
1342
959
1155
1109
1042
960
164
198
955
162
196
209
192
1330
1221
1278
1356
1247
1304
1195
160
194
125
36
128
1169
126
1167
158
127
1012
1302
1193
1354
1245
1276
1328
1219
793
111
38
41
1112
1045
806
42
39
112
1105
113
16
14
15
12
958
18
13
950
165
1086
119
1006
1013
977
1038
1019
901
1095
900
1028
1062
1129
899
945
868
1064
1131
17
873
52
898
1088
1099
1032
1066
1133
903
904
1002
902
1021
738
442
664
368
516
590
294
220
1087
1403
794
810
1000
1065
1132
1063
1130
1007
1106
115
1039
1001
936
1020
1008
236
532
310
606
384
680
458
754
1003
836
1090
237
533
311
607
385
681
459
755
1089
1023
120
919
1004
1005
727
653
579
505
431
357
283
1022
739
443
665
369
591
295
517
221
872
181
180
976
185
151
110
1096
47
855
163
419
715
493
789
345
641
271
567
197
342
638
416
712
268
490
786
564
161
195
1262
1068
1135
1153
86
94
1179
1288
1205
1314
1231
1340
1392
1402
159
1009
193
265
339
413
487
216
290
586
512
364
660
438
734
635
709
783
1313
1204
1339
1230
1178
1287
1365
1256
1310
1201
1362
1253
1336
1227
1091
1175
999
1284
1370
1092
916
1024
1025
740
444
666
370
592
296
518
222
1263
44
1154
737
441
515
663
367
589
293
219
971
1180
1289
1206
1315
1232
1341
1168
1277
1194
1303
1220
1329
1246
1355
561
1059
1126
166
1261
963
167
928
1372
935
929
1010
249
545
323
619
397
693
471
767
250
546
324
620
398
694
472
768
133
248
544
322
618
396
692
470
766
252
548
326
622
400
696
474
770
251
547
325
621
399
695
769
473
247
543
321
617
395
691
765
469
244
540
318
614
392
688
466
762
261
132
241
537
315
611
764
468
690
394
320
616
389
542
246
685
463
759
242
538
316
612
390
686
464
760
243
539
317
613
391
687
465
761
245
541
319
615
689
393
763
467
1011
131
1307
1198
1281
1172
1359
1250
1224
1333
869
183
149
1118
1051
184
150
792
54
1119
235
1052
157
191
942
1393
923
114
146
1029
67
70
68
69
1301
1192
1353
1244
1275
1166
1218
1327
211
729
655
581
507
433
359
285
1098
741
445
667
371
593
297
519
223
1031
1093
1097
1030
1026
1094
975
934
50
743
447
669
373
595
521
299
225
1027
742
446
372
668
594
520
298
224
259
555
333
629
407
703
481
777
258
554
332
628
406
702
480
776
815
260
556
334
630
408
704
482
778
257
553
331
627
405
701
479
775
254
550
328
624
402
698
476
772
256
552
330
626
404
700
478
774
255
551
329
625
403
699
477
773
253
549
327
623
401
697
475
771
871
147
745
449
671
375
597
523
301
227
1216
1164
1325
1273
1299
1190
1351
1242
744
448
670
374
596
300
522
226
1215
1324
1163
1272
1214
1323
1162
1271
1120
1053
1298
1189
1350
1241
1297
1188
46
1349
1240
922
726
652
578
504
430
356
282
208
826
907
83
81
82
1152
924
908
1138
1071
48
1394
1395
1396
1386
1385
1384
931
1279
1170
1222
1331
1305
1196
1357
1248
171
137
103
1069
1136
1213
1322
1161
1270
1296
1212
1187
1348
1321
1239
1160
1269
1295
1186
1347
1238
1211
1320
1159
1268
1294
1185
1346
1237
61
130
78
631
779
483
335
84
918
51
55
179
145
920
1397
1387
791
930
925
1158
1267
1210
1319
1293
1184
1345
1236
53
926
1371
557
705
409
927
182
148
102
1266
1157
1209
1318
1292
1183
1344
1235
1165
1274
1217
1326
1300
1191
1352
1243
917
1104
780
558
706
632
484
410
336
262
1309
1200
1283
1174
1252
1361
1226
1335
89
1015
1037
941
1308
1199
1282
1173
1360
1251
1334
1225
1108
1373
1041
97
1452
1311
1202
1337
1228
1363
1254
1176
1285
99
1070
1137
805
811
91
905
753
679
605
531
457
383
309
940
781
485
707
411
633
559
337
263
938
1124
1057
199
104
421
717
347
643
495
273
569
210
728
654
580
506
432
358
284
1110
1043
338
264
412
708
634
486
782
560
95
911
87
60
59
77
76
75
58
74
57
73
56
200
422
348
718
644
496
274
570
939
859
866
972
1085
105
201
497
423
349
719
645
275
571
973
921
746
450
598
524
302
672
376
228
63
499
425
351
277
721
647
573
203
809
1338
1229
1312
1203
1364
1255
1177
1286
498
424
350
720
646
276
572
202
106
528
232
676
380
602
306
750
454
1122
1055
856
1072
1139
72
1123
1056
677
603
529
381
307
233
751
455
92
857
101
417
491
787
713
343
639
269
565
266
340
636
562
414
710
488
784
100
1018
267
1067
563
341
637
711
415
1134
785
489
748
674
600
526
452
378
304
230
1260
1369
1114
1047
1141
1074
1145
1078
1306
1197
1280
1171
1358
1249
1223
1332
1014
178
144
1076
1143
863
215
289
585
363
511
659
437
733
418
714
492
788
344
640
270
566
969
890
93
722
648
574
500
426
352
278
204
910
109
854
870
88
723
649
575
501
427
353
279
205
909
604
530
308
234
752
678
456
382
858
867
724
650
576
502
428
354
280
206
218
514
292
588
366
662
440
736
725
651
577
503
429
355
281
207
229
303
525
599
377
673
747
451
891
821
820
62
862
861
897
832
835
96
98
90
892
808
814
107
807
813
85
865
812
893
953
749
675
601
527
453
379
305
231
214
288
362
584
658
510
436
732
860
822
968
967
964
966
956
957
894
895
71
896
864
1111
1044
1113
1046
1151
1084
823
1440
217
513
291
587
365
661
439
735
1017
1439
1107
1040
108
824
850
847
848
849
851
852
853
846
831
834
825
841
838
839
840
842
843
844
837
65
79
66
80
