1451
1260
1369
105
178
144
119
179
120
145
1261
197
163
195
161
193
159
1085
106
1152
191
909
157
1011
1027
1014
1094
1370
917
36
971
910
1010
1452
927
1095
1151
1084
1028
1439
1026
107
1371
1093
869
1072
1139
942
966
183
149
1107
24
26
23
926
30
969
791
25
953
1040
925
1005
29
1009
936
1124
1145
1078
180
1141
1074
1057
1025
808
890
814
968
967
964
1092
27
941
28
38
956
41
957
1076
1143
924
891
114
815
261
1372
972
809
807
923
1008
813
921
235
1024
171
792
1091
137
892
1306
1197
1280
1171
1358
1249
1134
1223
1332
1067
531
309
605
753
679
457
383
823
1007
860
1282
1173
1308
1199
1216
1325
1251
1360
1273
1164
1225
1334
1004
417
491
713
787
343
639
269
565
1351
1242
1123
1299
1190
1056
266
340
562
636
1023
414
710
488
784
1392
1402
557
1222
1331
1090
1215
1324
1279
1170
267
1163
341
637
563
1272
415
711
489
785
418
714
492
788
344
640
270
566
1357
1248
705
409
1305
1196
893
338
264
412
708
634
486
782
1214
560
1323
919
1104
1162
1271
1350
1241
1298
940
1189
1015
1122
1055
215
289
363
585
511
659
1213
1006
437
733
1322
812
214
1161
1270
288
362
584
658
510
436
732
411
485
781
707
337
1349
1297
263
633
1240
1188
559
1003
1403
1037
1393
1212
1321
1022
127
1089
1348
1296
1239
1160
1269
1187
822
678
604
530
382
308
234
752
456
1312
1203
158
1338
1229
1364
1255
1165
1177
922
1286
1191
1295
1347
1186
1238
1217
920
1243
1352
1300
1326
1017
1309
1200
1361
1252
1335
1226
1157
1266
928
1274
1209
894
1174
150
184
1318
929
1283
1013
1210
1158
1319
1167
1267
1002
1088
65
40
1119
1052
749
675
601
527
453
379
305
231
124
1021
1156
1293
1184
192
1292
1345
1236
1183
165
1211
561
1320
10
858
1344
1235
60
1159
160
194
1268
1070
1137
779
162
59
196
483
103
126
335
93
482
751
677
603
529
455
381
307
233
408
125
77
778
821
334
704
631
260
630
76
549
556
623
253
697
327
771
401
475
481
777
407
58
333
259
1294
703
629
1087
555
75
1346
1185
1237
72
1311
1202
1337
1228
92
1363
1254
238
955
550
1001
624
254
698
772
328
402
476
74
487
146
480
776
406
554
332
702
628
258
1176
1020
553
1086
265
339
627
701
331
413
775
405
479
905
257
954
1285
147
199
965
495
569
551
625
643
57
699
545
717
255
773
273
329
895
249
403
477
619
347
767
421
693
323
471
397
973
856
635
709
783
63
911
552
548
546
626
700
774
330
167
250
622
404
620
478
256
252
768
694
696
73
116
324
472
398
770
326
400
541
474
870
615
496
689
245
49
547
319
763
393
467
621
251
695
101
570
1118
769
325
399
473
1051
200
644
100
718
274
79
348
9
422
780
484
706
632
558
410
198
336
1071
1138
262
164
866
930
1096
166
540
614
688
244
762
318
544
392
466
618
248
1120
692
766
322
470
396
1053
537
241
611
820
543
315
685
617
389
759
691
212
765
463
321
247
395
469
538
1019
539
612
242
613
686
243
760
316
687
390
761
464
317
391
465
1000
168
959
542
616
690
764
320
394
468
246
1130
1069
232
750
676
602
528
454
380
306
1136
1063
133
999
121
64
958
514
218
588
292
662
366
736
440
181
534
934
108
134
312
1276
608
386
682
104
460
756
213
960
1131
1064
497
1301
1192
1327
1275
1218
1353
1244
1166
52
571
645
201
918
275
719
349
423
715
789
641
1365
1256
56
132
1193
1155
271
1219
498
1302
1328
572
419
345
493
567
646
1108
276
720
350
202
424
935
744
448
670
596
522
374
300
226
743
521
447
669
595
373
299
225
1245
1354
87
1263
945
931
1041
1313
1204
1105
712
638
1339
1230
786
862
113
1178
1287
1154
112
268
85
342
416
490
564
78
1132
1065
896
1307
1198
1281
1172
1129
1359
1250
1062
1224
1333
873
109
128
867
952
1133
1066
122
742
446
668
594
520
372
298
224
1106
1277
1168
737
441
515
663
589
367
293
219
857
1194
513
217
1303
587
291
661
365
735
439
1246
1220
1355
1329
950
1407
1408
886
901
1264
37
1180
986
1289
500
1135
1206
1315
574
1232
1068
1341
648
61
722
278
352
426
985
887
1356
1247
889
745
449
671
375
597
523
301
227
797
938
987
988
748
674
600
526
452
378
304
230
741
445
667
519
1039
593
371
297
223
1304
989
1330
204
1099
1221
1032
916
951
1195
984
864
1181
1290
885
806
1233
882
902
1342
71
903
861
1207
1316
884
1278
117
983
888
881
883
982
1114
1047
239
880
1043
216
102
290
586
1110
512
364
660
438
734
84
899
790
900
962
879
863
1415
499
878
123
573
568
272
647
721
277
420
494
351
716
425
981
203
904
1018
346
642
939
131
240
83
43
961
906
81
877
1262
980
82
977
118
1310
1201
1336
1227
1362
1253
111
1109
501
1153
575
868
649
723
279
353
427
173
1042
139
535
876
1175
897
313
805
609
205
536
1284
387
683
461
1397
757
314
610
388
963
684
1391
1401
462
758
174
140
859
1387
130
1394
979
811
943
287
361
1265
1399
1389
1400
1390
435
209
657
731
583
990
236
509
532
310
606
384
680
458
754
831
67
875
286
360
175
141
832
176
142
1031
434
1098
656
582
730
508
991
70
898
1234
1061
1128
1079
1182
944
1146
1450
1179
1288
1140
1073
1205
237
1314
533
311
607
385
681
459
755
1112
1231
1340
359
1208
1045
433
655
285
211
729
68
1317
874
69
581
1291
912
507
1376
1343
1144
1077
1395
978
1396
91
135
1038
740
502
444
666
518
370
592
296
222
576
1075
169
650
1142
724
280
354
428
932
206
156
154
505
579
727
431
653
283
1398
1097
357
1388
1030
1386
190
143
188
136
177
506
1121
1054
210
170
654
358
728
432
992
580
284
1060
1127
155
89
819
1447
824
937
189
1446
933
946
1058
1413
1125
810
1414
970
138
86
1257
1366
1405
152
1385
172
1412
1406
998
186
835
798
997
801
53
913
830
1444
947
1411
1034
1435
1033
1049
1101
1434
1050
834
1100
1437
1368
1259
95
1116
1117
829
1035
1433
1102
1367
1258
1048
1115
1029
800
1036
1436
1103
94
1449
50
796
818
1410
153
828
39
187
1384
42
914
1438
995
1445
1420
1432
915
1421
974
907
996
1422
1417
1418
841
1082
1374
1149
1377
837
948
1423
1419
949
503
577
651
207
795
725
281
355
429
850
1016
1383
1424
1379
1080
1147
55
854
804
1382
803
846
845
51
1440
726
652
578
504
430
356
282
208
80
66
46
44
35
34
32
31
22
21
20
19
18
17
16
15
14
13
12
11
8
7
6
5
4
3
2
1
1059
1126
993
1416
994
817
799
1378
1448
1148
827
1081
855
853
844
1409
1404
1375
802
1150
852
1083
54
843
816
1381
851
48
1380
849
842
848
908
840
1442
1441
1443
833
129
99
847
976
739
443
665
517
369
591
295
221
839
975
746
672
598
524
450
376
302
228
1431
838
836
47
1425
1430
90
33
97
826
738
442
664
516
368
590
294
220
872
1426
1429
1169
1427
45
1428
88
871
747
673
599
525
451
377
303
229
110
1046
1113
98
865
96
62
794
185
151
1373
1012
825
115
148
182
793
1044
1111
