1451
1260
1369
105
119
179
120
178
144
145
1261
197
163
195
161
193
159
1085
106
1152
191
157
909
1011
1027
1014
1094
1370
917
36
971
910
1010
1095
1028
1026
927
1093
1452
1151
1084
1439
107
1371
869
942
24
1072
1139
26
23
966
30
183
1107
149
25
926
1005
969
791
29
1009
953
925
1040
1124
1025
180
1145
1078
936
1057
1092
27
1141
1074
890
808
28
941
814
968
967
964
38
41
924
956
957
1076
1143
114
891
815
261
1372
1008
972
923
809
807
1024
921
1091
813
235
171
892
792
137
1134
1067
1306
1197
1280
1171
1007
1358
1249
1223
1332
1004
531
309
605
753
679
457
383
823
860
1282
1173
1308
1199
1216
1023
1251
1360
1325
1273
1164
1225
1334
1090
417
491
713
787
343
639
269
565
1351
1123
1242
1056
1299
1190
266
340
562
636
414
710
488
784
557
1392
1402
1222
1331
1006
1215
1324
1279
1170
267
341
637
563
415
1163
711
418
489
714
492
1272
788
785
344
640
270
1003
566
1357
1248
705
409
1305
1196
893
940
919
338
264
412
708
634
486
1214
782
560
1323
1104
1015
1162
1271
1350
1241
1298
1189
215
289
363
585
511
659
1122
1055
437
733
1089
214
288
1022
362
584
658
510
436
732
1213
1322
1161
1270
812
411
1349
485
1297
781
707
337
1240
1188
263
633
127
559
1037
1403
1393
1212
158
1321
922
1013
1348
1296
1239
1160
1187
1269
1002
822
604
530
308
234
678
382
752
456
1312
1203
1338
1229
1364
1255
928
1165
40
1177
1286
1191
920
1295
1347
1217
1243
1186
1238
1088
1352
1300
1326
1309
1200
1361
1252
10
1335
1226
929
1017
1157
1266
1274
124
1021
1174
894
1283
1209
184
150
1318
1167
1210
1158
1319
1267
192
1119
1052
65
1156
749
675
601
527
453
379
305
231
165
160
194
162
1293
196
1184
1345
1236
1292
1183
1001
561
1211
126
1320
858
125
1344
1235
1070
1137
1087
1159
779
60
483
1268
335
103
93
59
482
408
631
778
334
704
260
751
677
603
529
455
381
307
233
630
821
549
77
556
623
253
697
327
771
76
401
475
481
777
407
333
259
703
629
555
1294
1346
1185
58
1237
75
1086
1020
92
238
1311
1202
72
1337
1228
1363
1254
955
146
550
199
624
254
698
772
328
402
476
495
487
569
643
717
273
74
121
347
421
480
406
776
554
332
702
628
258
553
265
339
954
627
701
331
413
775
405
479
905
257
147
1176
198
965
1285
164
551
9
625
545
699
255
773
329
249
619
403
477
767
693
323
471
397
895
57
1000
973
496
856
167
570
635
116
709
200
783
644
911
718
274
348
422
552
548
626
546
700
774
330
250
404
478
622
620
256
252
63
694
768
696
324
870
472
398
770
326
400
1118
474
1071
1096
1138
1051
541
615
547
689
245
930
319
763
621
251
101
393
467
695
73
769
166
325
399
473
100
49
79
866
780
484
706
632
1120
558
410
336
262
1053
540
1019
614
688
244
544
762
318
392
618
466
248
692
766
322
470
396
1069
1136
537
241
611
543
315
617
685
691
765
389
759
321
247
395
469
463
168
820
212
1130
999
1063
538
539
612
242
613
686
316
760
243
687
390
464
761
317
37
391
465
959
133
542
616
690
764
320
394
468
246
232
750
676
602
528
454
380
306
122
958
534
181
918
64
134
497
312
934
1131
1064
608
571
514
218
588
292
386
662
366
440
736
682
645
1276
201
460
756
275
719
349
108
423
104
960
213
1301
1192
1275
1353
1244
1327
1218
1166
52
1450
132
498
1155
715
789
641
572
646
276
1365
1256
720
1193
350
202
424
271
1219
113
945
1302
1328
128
419
345
493
567
56
744
448
670
374
596
522
300
226
1108
743
447
521
669
373
595
299
225
935
1263
931
1245
1354
87
112
1154
1041
1105
1313
1204
712
638
786
1339
1230
1132
1065
1178
1287
1129
268
1062
862
342
416
490
564
1133
1066
886
85
952
1307
1198
1281
1172
986
1359
1250
950
1224
1333
123
78
896
985
873
867
887
987
797
988
889
43
109
989
742
446
668
372
594
520
298
224
1135
1106
1277
984
1068
1168
1264
1194
1303
1246
1220
1355
1329
885
737
441
515
663
367
589
293
219
901
1408
217
513
587
291
1407
661
365
735
439
882
983
857
1180
884
1289
1206
888
1315
881
1232
951
982
883
500
1341
574
745
449
671
375
597
523
301
227
648
117
722
1356
278
1247
916
352
426
790
880
1304
1099
1330
1032
938
1221
61
1181
1195
741
445
667
519
371
593
297
223
1039
1290
568
204
272
1233
420
494
716
1342
879
902
1207
1316
748
674
600
526
452
378
304
230
903
346
642
1278
864
878
806
1043
1110
71
216
290
586
512
364
660
438
1447
734
239
981
861
1446
1114
1047
962
102
499
900
899
573
943
647
1415
277
721
351
84
425
1444
118
863
173
203
139
877
904
980
131
939
970
1018
240
961
1445
1262
83
174
140
876
906
81
990
1448
1153
1109
111
1310
1201
82
1336
1227
1362
1253
977
1442
501
1042
535
575
1441
649
723
979
279
313
536
353
609
427
868
963
387
1443
991
683
314
461
757
610
388
1175
684
462
758
1265
1391
1401
1284
205
944
897
805
1397
859
1061
1128
175
141
287
361
875
1387
130
1394
811
1400
1390
1058
435
1399
1125
1389
236
532
310
606
384
680
458
754
1031
657
176
731
583
142
1098
509
209
67
831
1234
286
360
1182
1140
1073
1060
1079
1127
1146
832
1208
434
1317
1291
656
1112
582
1179
1288
730
1343
508
1257
1366
1045
1205
1314
70
1231
898
1340
237
533
311
607
385
681
459
755
1097
1144
1077
1030
874
1376
912
91
978
801
359
433
135
655
285
211
729
68
1075
1142
69
581
932
169
507
1038
89
1395
740
444
666
370
518
592
296
222
1396
156
143
177
154
1121
1054
190
136
188
502
946
576
170
650
724
280
354
428
992
206
1398
937
1388
505
579
727
431
653
283
357
155
1386
933
189
506
210
654
819
358
728
432
580
284
1367
947
1258
1413
1414
138
824
1080
1029
1147
172
1368
1259
810
1412
1406
152
1049
1405
1116
86
186
913
1050
1385
998
1117
830
1380
1034
1033
835
798
1101
997
53
1100
1035
1411
800
1102
1036
1435
1103
1437
829
1434
95
834
796
1048
1115
1433
1016
1436
153
187
1449
94
50
818
1410
39
828
42
1384
974
1438
914
1420
995
907
1379
1432
1421
915
996
1418
948
1417
1422
1419
1082
1149
841
1374
1377
837
1423
949
503
577
651
207
795
725
281
355
429
850
1383
1424
66
55
854
804
1382
80
803
846
845
51
1440
726
652
578
504
430
356
282
208
46
44
35
34
32
31
22
21
20
19
18
17
16
15
14
13
12
11
8
7
6
5
4
3
2
1
1059
1126
993
1416
994
817
799
1378
1148
827
1404
1081
855
853
844
1409
1150
1375
802
1083
852
54
843
816
1381
851
48
849
99
842
848
908
840
833
129
443
739
665
369
517
591
295
221
847
976
975
1431
839
746
450
672
598
524
376
302
228
838
836
90
1430
97
47
1425
33
88
826
442
738
664
368
516
590
294
220
1429
872
1169
1426
45
1427
1428
871
229
525
303
599
377
673
747
451
98
1046
1113
110
1012
865
96
62
1373
794
185
151
115
825
148
182
793
1111
1044
