80
66
1001
1000
1002
1003
1004
999
1088
1087
1089
1021
1006
1022
1007
1090
1020
1023
1005
1008
1091
916
1024
1086
963
1019
1092
1009
1025
974
1442
1441
1443
1448
1445
1444
1446
1447
1093
1026
1010
933
932
940
1449
35
31
34
32
1094
1027
941
943
945
1011
975
990
921
991
961
962
913
871
1104
113
1037
898
112
915
111
928
914
912
901
900
899
902
872
976
930
873
931
904
977
903
923
929
946
878
982
978
879
880
657
731
874
435
361
947
583
287
184
150
509
983
948
984
942
876
918
881
949
877
656
360
730
434
286
980
582
981
882
508
985
114
875
979
213
1419
986
1418
1413
886
925
1417
1412
924
1404
212
1424
1411
1416
1409
887
1410
935
884
272
1083
1150
993
642
568
116
346
885
716
883
888
830
420
934
992
176
175
988
494
142
141
868
1420
1406
174
998
140
173
741
445
667
519
593
371
297
223
994
139
1421
987
989
149
183
790
1450
816
817
827
740
444
518
666
592
370
296
222
889
1148
1081
163
197
1423
1422
1428
161
38
195
996
995
920
41
8
922
1427
118
177
45
1408
1405
1407
1435
143
1426
159
1149
1082
1434
739
443
517
591
665
369
295
221
829
117
1430
193
635
709
783
1425
1429
240
1433
1432
919
944
561
239
1437
283
357
1436
653
579
431
727
155
505
1260
1369
156
36
1451
1431
148
6
19
828
182
819
189
238
1438
157
153
190
152
1047
1114
178
144
179
951
1415
191
198
1059
1126
799
124
154
1137
1070
715
641
789
926
1080
1147
145
516
590
738
220
442
294
664
368
712
638
786
26
164
115
25
187
796
1383
196
186
151
1382
185
194
24
162
1264
30
797
1304
1015
23
927
818
1195
188
1356
1247
1278
798
160
125
1330
1221
795
684
610
758
388
314
536
462
28
135
952
950
136
683
757
609
461
387
313
535
27
1316
1207
138
1290
1085
1181
1342
169
170
1233
168
1169
134
1261
172
793
1113
836
1379
1380
122
1302
123
1138
1071
1193
1354
1110
1245
271
1111
1046
1044
29
268
277
351
1043
905
1155
1328
1381
203
647
425
237
1276
1219
533
573
311
607
385
681
459
755
721
158
499
128
1073
1140
1378
236
532
310
606
384
680
458
754
756
682
460
386
608
312
534
282
356
1120
1053
652
430
208
578
1075
726
1142
1144
279
1077
353
1375
917
911
427
649
121
575
205
504
723
126
487
1134
1079
1146
1067
1133
1066
199
501
347
273
421
105
643
717
569
1131
1064
1118
281
355
495
120
1051
419
345
493
567
651
429
265
339
413
207
577
280
725
354
1377
342
416
490
564
1112
428
650
206
576
1045
724
503
1374
1414
502
1124
192
1136
1069
1376
742
446
668
520
594
372
298
224
1109
216
290
586
512
364
660
438
734
1042
1129
1062
90
89
87
728
432
1057
88
729
433
7
654
358
655
1152
1017
359
91
743
447
669
521
595
373
299
225
1301
1192
997
1353
1244
209
1167
1166
806
1275
94
2
580
1018
1218
1327
581
1265
284
285
1317
1
1208
86
1065
1132
800
278
352
1291
426
204
648
1182
574
801
1343
722
1014
1234
1063
1130
500
167
9
939
506
507
11
127
1139
1072
211
133
737
441
515
663
589
367
293
219
210
97
1151
1084
1439
1068
1135
802
98
104
349
275
201
96
423
645
348
274
200
99
719
171
571
1122
938
1055
422
1108
644
718
570
166
497
137
1041
496
870
276
350
131
202
424
646
720
572
334
408
132
498
322
396
704
482
260
321
630
395
692
470
1141
1074
778
248
1156
618
320
394
766
37
691
469
247
617
765
326
690
1145
1078
468
400
246
318
392
20
324
616
556
398
764
909
325
958
399
323
544
474
397
696
466
688
317
316
252
332
391
390
694
622
406
472
244
770
614
954
543
250
1049
1143
1076
620
762
695
473
693
471
768
331
405
251
621
687
465
249
686
464
619
702
542
480
769
315
333
389
258
767
243
242
407
910
613
1012
612
628
1050
761
760
776
701
479
257
463
685
548
627
703
481
540
775
259
241
546
629
611
1116
759
777
319
393
547
545
330
539
538
404
554
1117
467
689
245
803
553
615
478
700
763
537
555
256
626
833
774
908
95
1366
1257
937
1368
804
1259
541
329
403
960
552
106
328
402
477
842
699
1373
255
843
625
844
773
1367
476
698
1258
838
254
624
772
839
840
551
744
448
670
596
522
374
300
226
327
401
550
752
678
604
530
456
382
308
234
475
697
965
1048
253
822
623
771
955
1115
959
10
549
1032
1099
1033
1034
745
449
671
597
523
301
375
227
119
1100
907
1101
165
1123
1036
1056
1365
1256
1400
1390
1058
1035
102
40
1103
953
1125
845
1102
1061
1128
1398
1388
892
602
528
306
232
750
676
454
380
751
677
603
529
455
381
307
233
1029
1313
1204
1339
1230
1178
1287
1370
1401
1391
1060
1127
821
891
893
340
266
636
414
710
417
562
343
713
491
787
639
269
488
784
565
1362
1253
1310
1201
1336
1227
1175
1284
1098
1399
1031
1389
897
967
968
964
956
957
748
674
600
526
452
378
304
230
1054
1121
1030
1097
894
859
1095
1028
890
1263
1267
1154
1158
1281
1172
1307
1198
1333
1224
1359
1250
1306
1197
1159
1268
1171
1280
1038
1358
1249
1211
1320
1223
1332
1096
820
1210
1319
1180
1289
1206
1315
1168
1232
1220
1194
1277
1329
1303
1246
1341
1355
43
1293
1184
895
1294
92
1185
1345
1236
3
1346
1237
215
862
289
363
585
511
659
437
733
858
1161
1270
1016
1213
1322
969
1296
1187
1160
1269
1212
1321
1348
1239
1262
1295
67
1162
1186
1271
1153
68
69
229
599
525
303
747
673
451
377
100
1214
1323
1163
1347
1272
1205
1238
896
338
1314
412
1297
1188
1215
486
1324
264
708
409
1298
634
782
1189
1349
1240
861
1350
1241
42
560
39
1288
1179
857
93
1311
1202
1340
1363
1254
1231
811
1337
1228
841
531
309
605
383
679
753
457
1176
1105
70
1285
856
805
792
341
267
637
415
563
711
489
785
794
418
714
492
788
344
640
270
566
1164
1273
1299
1190
705
335
1216
1325
483
101
1351
1242
337
263
64
411
557
633
707
559
1308
1199
485
781
1360
1251
1334
1225
62
851
852
853
847
1372
848
849
1173
1282
103
906
854
1266
1157
1371
746
672
450
376
598
524
302
228
1209
810
1318
972
779
631
815
1312
1203
1364
1255
1338
1229
1177
1286
63
966
1292
1305
1196
1183
1344
1235
214
288
362
584
658
510
436
732
1357
1248
1170
1279
791
865
1222
1331
110
1309
1200
1361
1335
1226
1252
860
1174
83
81
823
82
1283
1394
850
1107
33
808
107
1013
814
1395
1384
1452
1040
749
675
601
527
453
379
305
231
1385
217
291
587
513
365
661
439
735
180
146
261
84
1119
1052
973
147
1396
1397
1387
809
1386
514
736
440
588
662
366
292
218
807
5
837
780
558
706
484
632
410
336
262
47
813
867
1106
1039
971
72
181
863
826
869
866
936
21
855
50
60
864
59
812
77
76
58
75
85
74
235
57
73
1274
825
1300
1165
1191
1326
1352
1243
1217
56
48
846
109
4
22
53
51
824
52
130
970
78
832
61
71
17
55
835
108
129
1403
1392
1402
46
54
14
1393
831
16
834
49
15
12
65
18
13
44
79
1440
