1443
20
937
11
845
1016
1379
833
1377
66
1442
1441
1448
1447
1446
1445
1444
32
35
34
31
1449
1414
1
2
7
1147
1080
1380
1381
1376
1378
1374
1375
1366
1257
1367
1258
1368
1259
1128
1061
1127
1060
914
915
912
1115
1121
1054
1048
913
1116
1117
1450
1049
122
1050
949
948
123
991
990
947
946
1100
19
6
1101
8
875
876
874
1103
877
1102
878
879
979
980
978
880
121
981
1125
883
881
884
3
882
885
28
27
29
983
982
1033
25
30
24
23
26
984
887
886
1034
888
987
985
1142
1075
988
889
1146
1079
986
1144
1077
1140
1073
989
1036
800
1035
801
802
1058
1405
943
1421
996
1420
33
1423
1422
1406
189
1418
1412
1409
1424
1417
1416
1411
1410
1404
1419
1413
190
186
995
993
998
994
992
177
188
155
1148
1081
169
156
818
152
170
143
819
175
141
817
154
827
816
172
174
173
140
139
1149
1082
176
142
642
828
790
135
716
1150
1083
272
136
933
932
829
187
346
138
494
420
830
568
153
803
1451
804
1433
1432
1426
1425
4
1434
1427
1408
1407
997
1436
1429
1435
1428
43
1415
974
1437
1430
117
1438
1431
118
1382
944
1383
239
240
757
683
609
535
461
387
313
758
684
610
536
462
388
314
37
1400
1399
1398
1390
1389
1388
1401
1391
168
134
212
21
129
64
799
730
656
582
508
434
360
286
40
962
10
797
238
798
9
906
756
682
608
534
460
386
312
213
49
45
795
22
5
796
965
951
731
657
583
509
435
361
287
116
1156
952
961
954
1343
1317
1291
1265
1234
1208
1182
1342
1316
1290
1264
1233
1207
1181
959
970
1109
1042
1155
209
960
955
1356
1330
1304
1278
1247
1221
1195
1169
1167
124
36
1354
1328
1302
1276
1245
1219
1193
111
192
793
806
1112
1045
128
125
42
39
198
196
194
164
162
160
158
126
127
41
38
1105
16
14
15
12
112
18
13
958
165
113
977
950
1038
900
899
901
868
17
898
873
52
1086
1019
1129
1062
945
1099
1032
1131
1064
904
903
738
664
590
516
442
368
294
220
1403
1012
810
794
1133
1066
902
1106
1039
936
119
836
1132
1130
1065
1063
754
680
606
532
458
384
310
236
755
681
607
533
459
385
311
237
727
653
579
505
431
357
283
739
665
591
517
443
369
295
221
872
976
110
185
151
47
855
181
919
1087
1020
86
94
789
715
641
567
493
419
345
271
786
712
638
564
490
416
342
268
1088
1021
1402
1392
1340
1314
1288
1262
1231
1205
1179
1153
180
413
339
265
487
783
709
635
1096
1339
1313
1287
1230
1204
1178
1362
1336
1310
1284
1253
1227
1201
1175
1365
1256
44
740
666
592
518
444
370
296
222
1006
734
660
586
512
438
364
290
216
1135
1068
737
663
589
515
441
367
293
219
1126
1059
1000
561
916
1355
1341
1329
1315
1303
1289
1277
1263
1246
1232
1220
1206
1194
1180
1168
1154
963
1095
1028
935
1013
971
770
769
768
767
766
765
764
763
762
761
760
759
696
695
694
693
692
691
690
689
688
687
686
685
622
621
620
619
618
617
616
615
614
613
612
611
548
547
546
545
544
543
542
541
540
539
538
537
474
473
472
471
470
469
468
467
466
465
464
463
400
399
398
397
396
395
394
393
392
391
390
389
326
325
324
323
322
321
320
319
318
317
316
315
252
251
250
249
248
247
246
245
244
243
242
241
54
1372
184
183
150
149
261
999
1359
1333
1307
1281
1250
1224
1198
1172
235
166
132
131
167
133
869
1393
1118
1051
792
1119
1052
70
69
68
67
729
655
581
507
433
359
285
211
115
1353
1327
1301
1275
1244
1218
1192
1166
50
975
741
667
593
519
445
371
297
223
934
777
776
775
774
773
772
771
703
702
701
700
699
698
697
629
628
627
626
625
624
623
555
554
553
552
551
550
549
481
480
479
478
477
476
475
407
406
405
404
403
402
401
333
332
331
330
329
328
327
259
258
257
256
255
254
253
871
815
778
704
630
556
482
408
334
260
742
668
594
520
446
372
298
224
743
669
595
521
447
373
299
225
1098
1031
46
929
1089
1022
147
146
1090
1023
1351
1350
1349
1325
1324
1323
1299
1298
1297
1273
1272
1271
1242
1241
1240
1216
1215
1214
1190
1189
1188
1164
1163
1162
726
652
578
504
430
356
282
208
1097
1030
1029
826
83
82
81
907
745
671
597
523
449
375
301
227
744
670
596
522
448
374
300
226
1120
1053
1007
1001
908
48
1396
1395
1394
1386
1385
1384
120
1008
1002
130
61
78
84
1348
1347
1346
1322
1321
1320
1296
1295
1294
1270
1269
1268
1239
1238
1237
1213
1212
1211
1187
1186
1185
1161
1160
1159
1357
1331
1305
1279
1248
1222
1196
1170
103
51
114
171
137
55
931
928
1397
1387
923
1138
1071
779
631
483
335
791
197
195
193
191
163
161
159
157
53
920
1345
1319
1293
1267
1236
1210
1184
1158
1344
1318
1292
1266
1235
1209
1183
1157
102
1136
1069
182
148
705
557
409
1371
780
706
632
558
484
410
336
262
1091
1024
1352
1326
1300
1274
1243
1217
1191
1165
1370
930
1092
1025
924
1009
1003
918
811
805
1104
1037
1363
1360
1337
1334
1311
1308
1285
1282
1254
1251
1228
1225
1202
1199
1176
1173
1108
1041
1361
1335
1309
1283
1252
1226
1200
1174
942
1261
1152
99
97
922
781
707
633
559
485
411
337
263
91
89
753
679
605
531
457
383
309
905
1452
938
1373
728
654
580
506
432
358
284
210
1010
1004
104
1005
1011
95
925
926
77
76
75
74
73
60
59
58
57
56
1137
1070
782
708
634
560
486
412
338
264
1015
927
859
87
911
746
672
598
524
450
376
302
228
1110
1043
973
1093
1026
63
866
972
939
1094
1027
1364
1338
1312
1286
1255
1229
1203
1177
750
676
602
528
454
380
306
232
72
809
917
856
940
857
751
677
603
529
455
381
307
233
1018
721
647
573
499
425
351
277
203
748
674
600
526
452
378
304
230
717
643
569
495
421
347
273
199
1122
1055
1123
1056
1114
1047
101
100
92
863
787
784
713
710
639
636
565
562
491
488
417
414
343
340
269
266
785
711
637
563
489
415
341
267
720
719
718
646
645
644
572
571
570
498
497
496
424
423
422
350
349
348
276
275
274
202
201
200
1358
1332
1306
1280
1249
1223
1197
1171
1145
1143
1141
1139
1078
1076
1074
1072
1124
1057
854
109
788
714
640
566
492
418
344
270
969
722
648
574
500
426
352
278
204
725
724
723
651
650
649
577
576
575
503
502
501
429
428
427
355
354
353
281
280
279
207
206
205
941
752
678
604
530
456
382
308
234
747
673
599
525
451
377
303
229
62
93
858
820
736
733
662
659
588
585
514
511
440
437
366
363
292
289
218
215
867
861
862
821
897
870
835
832
1134
1067
179
145
921
85
865
814
813
812
808
807
96
910
98
860
909
105
822
106
88
90
71
864
896
895
894
893
892
891
890
107
749
675
601
527
453
379
305
231
968
967
964
957
956
953
966
1085
1440
1113
1046
823
1014
1017
1111
1044
1151
1084
178
144
735
732
661
658
587
584
513
510
439
436
365
362
291
288
217
214
1439
824
108
1369
1260
850
853
852
851
849
848
847
846
1107
1040
834
831
841
844
843
842
840
839
838
825
837
79
65
80
