32
35
34
31
1449
1443
1442
1441
1446
1445
1444
1448
1447
20
1
1414
2
937
7
11
1016
845
1147
1080
1379
1380
1381
1376
1368
1259
1367
1258
1366
1257
1377
1374
833
1375
1128
1061
1127
1060
1378
1121
1054
8
19
6
914
915
33
912
1048
1115
26
24
23
25
30
27
28
29
889
913
886
1116
887
888
885
989
4
990
1451
884
882
988
986
881
985
1117
883
987
880
984
991
878
982
879
983
877
3
981
876
980
122
978
874
875
1419
1413
979
1049
1424
1417
1416
1411
1410
1404
1409
1418
1412
1405
1101
1100
1420
1406
1050
996
1102
1421
123
1423
1422
1103
998
992
993
994
995
1140
1073
1146
1079
1125
1144
1077
1142
1075
272
819
1148
1081
716
1150
1083
642
177
790
568
176
142
827
816
818
494
420
174
173
140
139
346
817
143
1034
1033
175
141
1149
1082
830
943
1035
1036
828
933
829
932
1058
21
43
22
5
64
129
974
997
209
37
49
804
965
802
117
45
803
16
14
801
906
15
12
118
36
18
13
730
656
582
508
434
360
286
1403
954
962
800
40
121
955
951
1415
116
970
949
948
960
135
1401
1391
156
1400
1399
1398
1390
1389
1388
136
42
39
17
952
155
41
38
152
936
959
1433
1432
1426
1425
1402
1392
138
961
212
793
119
731
657
583
509
435
361
287
971
958
154
806
169
869
190
1393
1450
235
170
1434
1427
44
153
189
1435
1428
186
758
684
610
536
462
388
314
111
127
947
1106
1039
756
682
608
534
460
386
312
855
126
180
1343
1317
1291
1265
1234
1208
1182
1372
1342
1316
1290
1264
1233
1207
1181
799
172
1383
1407
1012
810
794
757
683
609
535
461
387
313
1382
113
261
188
124
1408
52
128
125
54
1356
1330
1304
1278
1247
1221
1195
836
1133
1066
112
187
181
798
213
1105
792
110
738
664
590
516
442
368
294
220
1436
1429
168
134
185
151
1132
1130
1065
1063
950
1109
1042
46
797
1095
1028
900
899
1086
1019
240
739
665
591
517
443
369
295
221
1131
1064
901
898
727
653
579
505
431
357
283
1013
50
946
729
655
581
507
433
359
285
211
561
238
1437
1430
770
769
768
767
766
765
764
763
762
761
760
759
696
695
694
693
692
691
690
689
688
687
686
685
622
621
620
619
618
617
616
615
614
613
612
611
548
547
546
545
544
543
542
541
540
539
538
537
474
473
472
471
470
469
468
467
466
465
464
463
400
399
398
397
396
395
394
393
392
391
390
389
326
325
324
323
322
321
320
319
318
317
316
315
252
251
250
249
248
247
246
245
244
243
242
241
1156
70
120
69
68
67
239
1354
1328
1302
1276
1245
1219
1193
977
902
945
487
103
740
666
592
518
444
370
296
222
1000
198
196
194
164
162
160
158
83
82
81
147
1126
1059
413
339
265
1438
778
704
630
556
482
408
334
260
1006
146
916
791
783
709
635
815
1351
1350
1349
1325
1324
1323
1299
1298
1297
1273
1272
1271
1242
1241
1240
1216
1215
1214
1190
1189
1188
1164
1163
1162
1129
1062
777
776
775
774
773
772
771
703
702
701
700
699
698
697
629
628
627
626
625
624
623
555
554
553
552
551
550
549
481
480
479
478
477
476
475
407
406
405
404
403
402
401
333
332
331
330
329
328
327
259
258
257
256
255
254
253
130
84
48
904
903
1431
1088
1021
726
652
578
504
430
356
282
208
1135
1068
1118
1051
86
741
667
593
519
445
371
297
223
1155
47
935
78
1087
1020
115
1339
1313
1287
1230
1204
1178
10
1371
1396
1395
1394
1386
1385
1384
61
1008
1002
94
826
1362
1336
1310
1284
1253
1227
1201
1175
873
171
137
55
1348
1347
1346
1322
1321
1320
1296
1295
1294
1270
1269
1268
1239
1238
1237
1213
1212
1211
1187
1186
1185
1161
1160
1159
999
1090
1023
1365
1256
51
963
1007
1001
1108
1041
919
907
1112
1045
908
796
1038
779
631
483
335
1397
1387
789
715
641
567
493
419
345
271
780
706
632
558
484
410
336
262
1169
753
679
605
531
457
383
309
9
1120
1053
1370
1340
1314
1288
1262
1231
1205
1179
1153
786
712
638
564
490
416
342
268
1344
1318
1292
1266
1235
1209
1183
1157
53
1345
1319
1293
1267
1236
1210
1184
1158
1119
1052
1355
1341
1329
1315
1303
1289
1277
1263
1246
1232
1220
1206
1194
1180
1168
1154
1089
1022
114
1357
1331
1305
1279
1248
1222
1196
1170
795
184
183
150
149
929
1352
1326
1300
1274
1243
1217
1191
1165
165
1361
1335
1309
1283
1252
1226
1200
1174
1261
1152
934
942
197
195
193
191
163
161
159
157
1092
1025
1009
1003
91
89
972
1359
1333
1307
1281
1250
1224
1198
1172
754
680
606
532
458
384
310
236
811
805
737
663
589
515
441
367
293
219
755
681
607
533
459
385
311
237
705
557
409
868
1373
192
734
660
586
512
438
364
290
216
944
1091
1024
1167
743
669
595
521
447
373
299
225
1011
745
671
597
523
449
375
301
227
1010
1004
866
1363
1360
1337
1334
1311
1308
1285
1282
1254
1251
1228
1225
1202
1199
1176
1173
781
707
633
559
485
411
337
263
742
668
594
520
446
372
298
224
1005
931
928
1015
728
654
580
506
432
358
284
210
973
99
97
748
674
600
526
452
378
304
230
744
670
596
522
448
374
300
226
856
923
102
87
859
1353
1327
1301
1275
1244
1218
1192
1166
63
1094
1027
107
77
76
75
74
73
60
59
58
57
56
927
1093
1026
1364
1338
1312
1286
1255
1229
1203
1177
926
782
708
634
560
486
412
338
264
746
672
598
524
450
376
302
228
1099
1032
72
969
751
677
603
529
455
381
307
233
940
863
924
1018
930
905
809
1123
1056
109
854
101
104
861
857
167
133
785
711
637
563
489
415
341
267
925
100
92
1124
1057
166
132
131
750
676
602
528
454
380
306
232
95
1122
1055
752
678
604
530
456
382
308
234
788
714
640
566
492
418
344
270
1137
1070
62
835
832
897
787
784
713
710
639
636
565
562
491
488
417
414
343
340
269
266
870
941
917
736
733
662
659
588
585
514
511
440
437
366
363
292
289
218
215
179
145
862
747
673
599
525
451
377
303
229
858
820
182
148
867
865
1358
1332
1306
1280
1249
1223
1197
1171
821
910
85
93
814
813
812
808
807
1136
1069
872
976
1145
1143
1141
1139
1078
1076
1074
1072
909
105
1134
1067
921
860
822
1085
1452
1440
749
675
601
527
453
379
305
231
966
71
106
911
864
823
1151
1084
178
144
920
968
967
964
957
956
953
824
938
922
1138
1071
725
724
723
651
650
649
577
576
575
503
502
501
429
428
427
355
354
353
281
280
279
207
206
205
1369
1260
896
895
894
893
892
891
890
108
1097
1030
1029
1439
1098
1031
918
939
90
1014
1111
1044
88
834
831
850
722
648
574
500
426
352
278
204
735
732
661
658
587
584
513
510
439
436
365
362
291
288
217
214
1107
1040
846
1017
720
719
718
646
645
644
572
571
570
498
497
496
424
423
422
350
349
348
276
275
274
202
201
200
841
825
1113
1046
98
721
647
573
499
425
351
277
203
853
852
851
849
848
847
96
1096
837
844
843
842
840
839
838
717
643
569
495
421
347
273
199
79
65
1110
1043
1104
1037
80
66
1114
1047
975
871
