1450
1451
1005
1004
1003
1013
37
1002
1442
121
1006
1441
1448
1445
1447
1446
1444
1443
1012
1095
1028
10
1007
1001
24
1008
40
23
30
27
29
28
26
25
1009
1010
1011
163
197
161
120
195
970
1261
1370
122
1094
1093
1092
1027
1026
1091
1025
1024
1090
179
145
159
193
1023
115
1089
43
942
1022
119
123
1088
1000
928
164
198
157
124
922
162
941
1021
196
191
943
160
194
1087
1260
1369
1152
1085
9
125
1125
1058
923
126
917
114
105
178
144
127
128
1014
924
158
192
1124
925
173
1057
139
1080
1147
1086
926
106
927
420
716
346
494
642
790
272
568
1257
1366
1020
801
1380
921
36
929
118
987
988
989
990
991
986
985
940
944
984
1060
1127
983
890
199
797
982
918
884
885
883
886
887
888
889
882
881
1015
880
421
347
717
643
495
273
569
879
113
878
981
180
1069
1136
117
200
174
140
1061
1128
348
422
644
718
496
274
570
950
999
38
1258
1367
877
41
146
1096
1029
891
1068
1070
1137
1135
88
909
980
1067
1134
201
945
349
423
497
645
719
275
571
910
930
1019
214
288
362
584
658
510
436
732
919
876
947
1062
1138
1071
1129
1065
1132
1064
1131
1097
1030
166
1373
1063
1130
1066
1133
116
951
167
165
1016
168
89
350
424
498
646
720
276
572
202
175
141
793
1452
1259
1368
892
946
1265
1072
1139
1156
107
112
1110
215
289
585
363
511
659
437
733
1098
134
1031
916
979
1043
133
1264
952
216
290
586
512
364
660
438
734
1155
132
931
971
90
1116
1049
920
1263
875
1182
1291
1208
1317
1154
1262
238
534
1234
312
1343
608
386
682
460
756
449
745
671
375
597
523
301
227
1372
1120
1053
277
351
425
499
573
647
721
869
176
142
1118
131
1051
1140
1073
181
203
448
744
670
374
596
300
522
226
953
1111
1371
1044
96
1119
1052
1153
1141
1074
1145
1078
1181
93
1290
893
1099
1032
1117
1207
1316
447
743
669
373
595
299
521
225
1050
1233
1342
1104
557
231
305
379
453
527
601
675
749
631
1121
1054
91
705
932
779
483
261
409
335
1107
1200
1309
1330
1283
1174
1221
1252
1361
792
1278
937
1169
1226
1335
1146
1079
954
1356
1247
1304
1195
1279
1170
1222
1331
1305
1196
1357
1248
1142
1075
147
902
901
1076
1143
172
446
742
668
372
594
520
298
224
177
143
138
1180
1289
911
171
1040
1206
1315
1306
1197
955
1280
1171
1232
1341
137
1358
1249
903
963
966
969
965
968
967
962
964
1223
1332
1077
1144
169
1439
961
933
959
800
1168
1277
960
791
170
1194
1303
98
1220
1329
1246
1355
1122
1055
1106
1151
1084
1307
1198
956
1281
1172
1359
1250
1224
1333
1302
1193
957
958
1354
1245
1123
1056
1112
1276
1167
92
870
1328
1219
136
934
1045
1379
45
1308
1199
418
714
492
788
344
640
1282
1173
270
566
1360
1251
97
904
1225
1334
935
1109
992
267
563
341
637
342
638
416
712
268
490
711
415
786
564
419
715
493
789
345
641
135
785
489
1037
271
567
1036
1103
936
417
491
787
713
343
639
900
269
565
939
190
1376
905
103
240
156
1431
536
266
1430
340
636
562
314
104
414
710
610
388
1415
684
462
488
784
758
445
741
667
371
593
519
297
223
1429
809
259
555
333
629
407
703
481
777
1105
260
556
334
630
408
704
482
778
815
189
1414
912
111
1216
258
278
352
426
500
574
648
722
554
332
628
406
702
480
776
1408
1164
1325
1273
265
339
101
413
155
635
874
709
239
257
553
87
331
627
405
701
479
775
561
535
487
783
1165
1274
313
1042
609
387
683
1217
1326
1300
461
757
1191
1039
1391
1428
254
550
328
624
402
1401
698
476
772
1313
1204
249
545
323
619
397
693
471
767
796
1352
1243
1339
1230
1035
1102
1365
1256
256
552
330
626
404
700
478
774
1178
1287
1179
1288
1299
1190
1351
972
1242
204
1113
255
551
329
625
403
699
477
773
250
546
324
620
398
694
472
768
808
1215
1205
1314
1108
1324
1046
253
549
327
623
401
697
475
771
938
1163
1231
1340
1272
248
544
322
618
396
692
470
766
252
548
326
622
400
696
474
770
1214
99
236
532
1407
1323
1413
310
606
384
680
1301
1192
1162
458
754
1271
182
866
894
814
188
251
547
325
621
399
695
473
769
247
543
321
617
395
691
469
765
871
1353
1244
154
100
148
913
1275
1166
244
540
318
614
392
688
466
762
1213
1322
823
978
1161
1298
1270
1034
1101
1189
235
309
383
457
531
605
679
753
1350
1041
1218
1327
1241
1297
1188
1400
1390
1349
1240
241
537
338
264
315
611
764
468
690
394
616
320
389
542
246
685
412
463
759
1427
708
634
486
1158
782
1267
242
538
316
612
390
686
464
760
560
1338
1229
1312
1203
1033
1100
1038
444
740
666
370
592
296
518
222
1364
1255
243
539
317
391
613
687
465
761
1210
1319
1296
1212
245
541
319
615
393
689
467
763
1187
1348
1321
1177
1239
1286
217
513
291
587
365
661
439
735
1160
1269
1406
187
858
237
153
533
1412
311
607
385
681
459
755
830
1293
1184
183
872
867
807
149
1345
1236
899
1295
1186
1347
1238
287
813
361
1114
737
441
515
663
367
589
213
293
1047
219
1211
435
657
1310
1201
1320
583
1362
1253
731
1336
1227
509
974
52
1159
822
64
234
308
530
604
382
456
678
752
1268
1175
1284
860
1399
1389
218
514
292
588
366
662
440
736
781
485
707
411
633
559
337
263
739
443
665
369
591
295
517
221
102
1392
1402
873
186
1294
1426
152
1185
184
1346
150
1237
856
279
353
427
501
575
649
723
895
1311
1202
863
1337
1228
1363
1254
205
1405
1176
1393
1403
1285
1266
1157
948
738
442
664
368
516
590
294
220
1436
1411
829
1048
1115
1209
819
1318
1419
286
185
212
360
151
1437
821
233
307
381
529
603
677
455
751
434
656
582
730
806
508
108
812
825
1292
65
1183
1344
1235
229
303
525
599
377
673
451
747
973
232
528
306
602
380
676
454
750
826
109
1418
1398
1388
820
66
907
859
1420
868
896
898
975
780
558
706
632
484
410
336
262
857
1425
61
862
67
42
39
60
1435
1404
59
79
78
77
976
76
280
354
428
502
576
650
724
63
75
1017
58
211
285
359
433
507
581
655
729
1434
206
1410
998
74
80
95
977
828
1449
1438
209
283
357
431
505
579
653
727
1018
68
57
818
949
70
69
84
906
1394
71
85
83
73
1083
1150
824
81
110
33
1417
1433
82
864
72
816
62
865
861
1421
914
53
805
49
1423
811
1149
1082
56
54
897
831
378
452
674
748
230
304
526
600
1395
794
997
86
995
832
94
802
1396
798
450
746
672
376
598
524
302
228
1381
1397
1422
908
210
284
358
432
506
580
654
728
1387
130
996
1432
1386
833
1385
915
1383
1374
1424
804
1416
1409
836
837
834
1377
48
810
838
129
1378
835
839
993
1384
840
1375
55
841
1081
1148
47
1382
846
855
827
847
842
848
795
799
849
803
843
850
1059
1126
50
994
851
817
852
844
853
1
2
3
4
5
6
7
8
11
12
13
14
15
16
17
18
19
20
21
22
31
32
34
35
44
46
207
208
281
282
355
356
429
430
503
504
577
578
651
652
725
726
845
854
1440
51
