1440
79
44
13
18
65
12
15
49
834
16
831
1393
14
54
46
1402
1392
1403
129
108
835
55
17
71
61
832
78
970
130
52
824
51
53
22
4
109
846
48
56
1217
1243
1352
1326
1191
1165
1300
825
1274
73
57
235
74
85
75
58
76
77
812
59
864
60
50
855
21
936
866
869
826
863
181
72
971
1039
1106
867
813
47
262
336
410
632
484
706
558
780
837
5
807
218
292
366
662
588
440
736
514
1386
809
1387
1397
1396
147
973
1052
1119
84
261
146
180
735
439
661
365
513
587
291
217
1385
749
675
601
527
453
379
305
231
1040
1452
1384
1395
814
1013
107
808
33
1107
850
1394
1283
82
823
81
83
1174
860
1252
1226
1335
1361
1200
1309
110
1331
1222
865
791
1279
1170
1248
1357
732
436
510
658
584
362
288
214
1235
1344
1183
1196
1305
1292
966
63
1286
1177
1229
1338
1255
1364
1203
1312
815
631
779
972
1318
810
1209
598
524
302
228
746
672
450
376
1371
1157
1266
854
906
103
1282
1173
849
848
1372
847
853
852
851
62
1225
1334
1251
1360
781
485
1199
1308
559
707
633
557
411
64
263
337
1242
1351
101
483
1325
1216
335
705
1190
1299
1273
1164
566
270
640
344
788
492
714
418
794
785
489
711
563
415
637
267
341
792
805
856
1285
70
1105
1176
753
457
679
383
605
309
531
841
1228
1337
811
1231
1254
1363
1340
1202
1311
93
857
1179
1288
39
560
42
1241
1350
861
1240
1349
1189
782
634
1298
409
708
264
1324
486
1215
1188
1297
412
1314
338
896
1238
1205
1272
1347
1163
1323
1214
100
747
673
451
377
599
525
303
229
69
68
1153
1271
1186
1162
67
1295
1262
1239
1348
1321
1212
1269
1160
1187
1296
969
1322
1213
1016
1270
1161
858
733
437
659
511
585
363
289
862
215
1237
1346
3
1236
1345
1185
92
1294
895
1184
1293
43
1355
1341
1246
1303
1329
1277
1194
1220
1232
1168
1315
1206
1289
1180
1319
1210
820
1096
1332
1223
1320
1211
1249
1358
1038
1280
1171
1268
1159
1197
1306
1250
1359
1333
1224
1198
1307
1281
1172
1158
1154
1267
1263
890
1028
1095
859
894
1097
1030
1121
1054
748
674
600
526
452
378
304
230
957
956
964
968
967
897
1389
1031
1399
1098
1284
1175
1227
1336
1201
1310
1253
1362
565
784
488
269
639
787
491
713
343
562
417
710
414
636
266
340
893
891
821
1127
1060
1391
1401
1370
1287
1178
1230
1339
1204
1313
1029
751
677
603
529
455
381
307
233
750
676
454
380
602
528
306
232
892
1388
1398
1128
1061
1102
845
1125
953
1103
40
102
1035
1058
1390
1400
1256
1365
1056
1036
1123
165
1101
907
1100
119
227
375
671
597
523
301
745
449
1034
1033
1099
1032
549
10
959
1115
955
771
623
822
253
1048
965
697
475
752
678
604
530
456
382
308
234
550
401
327
300
226
670
596
522
374
744
448
551
840
839
772
624
254
838
1258
698
476
1367
773
844
625
843
255
1373
699
842
477
402
328
106
552
960
403
329
541
1259
804
1368
937
1257
1366
95
908
774
833
626
256
555
537
763
700
478
615
553
803
245
689
467
1117
554
404
538
539
330
545
547
393
319
777
759
1116
611
629
546
241
259
775
540
481
703
627
548
685
463
257
479
701
776
760
761
1050
628
612
1012
613
910
407
242
243
767
258
389
333
315
769
480
542
702
619
464
686
249
465
687
621
251
405
331
768
471
693
473
695
762
620
1076
1143
1049
250
543
954
614
770
244
472
406
622
694
390
391
332
252
316
317
688
466
696
397
474
544
323
399
958
325
909
764
398
556
616
324
20
392
318
246
400
468
1078
1145
690
326
765
617
247
469
691
37
766
394
320
618
1156
248
778
1074
1141
470
692
395
630
321
260
482
704
396
322
498
132
408
334
572
720
646
424
202
131
350
276
870
496
1041
137
497
166
570
718
644
1108
422
1055
938
1122
571
171
719
99
200
274
348
645
423
96
201
275
349
104
98
802
1135
1068
1439
1084
1151
97
210
219
293
367
589
663
515
441
737
133
211
1072
1139
127
11
507
506
939
9
167
500
1130
1063
1234
1014
722
1343
801
574
1182
648
204
426
1291
352
278
800
1132
1065
86
1208
1
1317
285
284
1265
581
1327
1218
1018
580
2
94
1275
806
1166
1167
209
1244
1353
997
1192
1301
225
299
373
595
669
521
743
447
91
359
1017
1152
655
358
654
7
433
729
88
1057
432
728
87
89
90
1062
1129
1042
734
438
660
364
512
586
290
216
1109
224
298
594
372
668
520
742
446
1376
1069
1136
192
1124
502
1414
1374
503
724
1045
576
206
650
428
1112
564
490
416
342
1377
354
725
280
577
207
413
339
265
429
651
567
493
345
419
1051
120
495
355
281
1118
1064
1131
569
717
643
105
421
273
347
501
199
1066
1133
1067
1146
1079
1134
487
126
723
504
205
575
121
649
427
911
917
1375
353
1077
279
1144
1142
726
1075
578
208
430
652
1053
1120
356
282
534
312
608
386
460
682
756
754
458
680
384
606
310
532
236
1378
1140
1073
128
499
158
721
755
459
681
385
607
311
573
533
1219
1276
237
425
647
203
1381
1328
1155
905
1043
351
277
268
29
1044
1046
1111
271
1245
1110
1354
1193
1071
1138
123
1302
122
1380
1379
836
1113
793
172
1261
134
1169
168
1233
170
169
1342
1181
1085
1290
138
1207
1316
27
535
313
387
461
609
757
683
136
950
952
135
28
462
536
314
388
758
610
684
795
1221
1330
125
160
798
1278
1247
1356
188
1195
818
927
23
1015
1304
797
30
1264
162
24
194
185
1382
151
186
196
1383
796
187
25
115
164
26
786
638
712
368
664
294
442
220
738
590
516
145
1147
1080
926
789
641
715
1070
1137
154
124
799
1126
1059
198
191
1415
951
179
144
178
1114
1047
152
190
153
157
1438
238
189
819
182
828
19
6
148
1431
1451
36
156
1369
1260
505
155
727
431
579
653
1436
357
283
1437
239
561
944
919
1432
1433
240
1429
1425
783
709
635
193
1430
117
829
221
295
369
665
591
517
443
739
1434
1082
1149
159
1426
143
1435
1407
1405
1408
45
177
118
1427
922
8
41
920
995
996
195
38
161
1428
1422
1423
197
163
1081
1148
889
222
296
370
592
666
518
740
444
827
817
816
1450
790
183
149
989
987
1421
139
994
223
297
593
371
667
519
741
445
173
140
998
174
1406
1420
868
141
142
494
988
175
176
992
934
420
830
888
883
716
885
346
116
568
642
993
1150
1083
272
884
935
1410
887
1409
1416
1411
1424
212
1404
924
1412
1417
925
886
1413
1418
986
1419
213
979
875
114
985
508
882
981
582
980
286
434
730
360
656
877
949
881
918
876
942
984
948
983
509
150
184
287
583
947
361
435
874
731
657
880
879
978
982
878
946
929
923
903
977
904
931
873
930
976
872
902
899
900
901
912
914
928
111
915
112
898
1037
113
1104
871
913
962
961
991
921
990
975
1011
945
943
941
1027
1094
32
34
35
31
1449
940
932
933
1010
1026
1093
1447
1446
1444
1445
1448
1443
1441
1442
974
1025
1009
1092
1019
963
1086
1024
916
1091
1008
1005
1023
1020
1090
1007
1022
1006
1021
1089
1087
1088
999
1004
1003
1002
1000
1001
80
66
