14051
18551
16366
8514
8507
8512
8525
31761
17253
8485
8308
8303
8520
35102
16030
17870
16050
17031
17032
18880
15973
15974
8290
8497
30787
18132
18468
18919
8495
8504
33987
33989
8296
30160
18385
18389
16314
8490
18198
35733
35735
35953
35955
35957
35737
35949
35959
35509
13752
16291
33852
18679
18681
35720
35724
14339
11101
11088
10707
10697
8271
8267
32229
32241
10731
10719
32217
32221
32233
10720
32172
34897
34813
34845
34883
34793
34803
34859
34871
32158
10708
32213
10709
32162
32150
10699
18142
18143
16716
16715
13336
13341
16242
16248
10700
32154
7832
13361
32146
10691
15063
16774
16769
32315
36968
35533
35510
12752
12779
12806
12860
12833
31387
32805
32816
32827
32844
32845
32846
32847
33014
34678
34682
34674
34680
32231
33829
33831
33833
33835
33837
33839
33841
33843
33714
33716
33718
33720
33727
33729
33825
33827
32243
32079
34667
34676
34665
34669
34368
34430
34380
34228
34392
34236
34408
34248
32219
32223
35068
35069
35070
35046
35047
35048
35036
35037
35038
35014
35015
35016
32235
12901
35054
35055
35056
35030
35031
35032
35020
35021
35022
35006
35007
35008
36482
36476
18649
34476
34552
34502
34304
34524
34320
34540
34332
27430
27443
34498
34135
34520
34316
34536
34328
34548
34336
34376
34450
34388
34232
34404
34244
34426
34258
16296
32169
12671
12698
12725
17161
35948
35952
34434
34534
34458
34276
34486
34294
34512
34314
35085
35079
35075
35057
32155
35083
35073
35063
35041
34162
34160
34452
34544
34480
34506
34288
34308
34528
34324
36061
32215
