36910
18551
8515
8507
16366
8513
8525
31761
8485
18855
8521
8309
8303
18381
17870
16050
17031
17032
18880
15973
15974
30787
36952
17810
17169
18132
8498
8291
16314
8296
8495
8505
8501
8490
34195
18385
16291
34357
13752
33852
18389
35733
35955
11088
35959
11101
10709
36517
17110
34361
32241
9285
9290
36503
10697
10719
32213
10731
10707
32217
36968
35533
32229
32315
32158
10708
32274
34936
18221
31719
13335
35057
13342
16242
18679
16248
18681
18146
10699
18198
7832
14339
18142
18143
32284
31387
34228
32354
35079
16716
34667
32233
34665
35075
31732
35139
32155
10700
34430
32221
32280
32146
36077
34682
35113
35083
36089
35135
16715
34669
32154
36861
10691
15063
34368
34678
34380
34392
34236
34408
34248
36859
36843
36857
35063
36841
35041
35068
31736
35070
36061
32159
36855
35030
32162
32219
34674
10720
34680
36870
10317
34320
16714
34510
34160
34274
35025
16774
35117
34452
35069
35131
34544
32223
35036
34480
35037
35038
34506
34540
34332
34288
34308
34528
31511
18658
36280
31512
16769
34324
32231
33829
35015
32235
12901
35039
27430
27443
36778
34135
34476
34304
33831
35054
34214
35055
35056
10487
7823
17170
34793
17116
17165
35014
32172
34871
35008
34498
34897
34310
13361
33833
35081
35061
35077
34326
34548
11501
31735
33835
34336
35948
35952
33837
35071
34404
31731
27566
27567
34376
27569
34312
35016
27568
34532
16296
35256
34520
34254
34416
34552
34524
34518
34440
34432
27601
17161
34264
34292
34434
34294
27437
27438
27439
34484
27600
32079
34282
33089
34364
