7814
16050
16030
15973
15974
13336
13341
33829
33831
33833
33835
33837
33839
33841
33843
33714
33716
33718
33720
33727
33729
33825
33827
7823
15959
16296
18220
18222
18132
16366
16291
33852
18144
18145
18223
18142
18225
18143
18227
18146
18221
35830
18231
35781
35795
35805
36026
36043
36065
36077
36089
16242
16248
13330
13333
10308
10319
10326
10450
10459
10470
10480
10489
10317
10324
10330
10457
10468
10478
10487
10491
13361
36061
34368
34430
34380
34228
34392
34236
34408
34248
16314
34476
34552
34304
34524
34502
34320
34540
18551
34332
34498
34135
34520
34316
34536
34328
18649
34548
34336
34376
34450
34388
34232
34404
34244
34426
34258
17161
34434
34534
34458
34276
34486
34294
34512
34314
34162
34160
36280
36290
34454
34546
34482
34290
34508
34310
34530
34326
34416
34518
34440
34264
34464
34282
34492
34300
34364
34410
34370
34224
34382
34230
34394
34238
34366
34428
34378
34226
34390
34234
34406
34246
34396
34494
34418
34250
34442
16716
18198
34214
16715
34386
8013
34266
34466
34284
34414
34516
34438
34262
34462
34280
34490
34298
34472
34402
34242
34424
34256
34448
34272
34398
34496
18385
31522
34420
34252
8267
34444
8271
34268
34468
34330
34538
34318
34286
34302
34522
34500
34550
34474
7832
8296
8495
36478
36474
36482
18776
36476
27430
27443
17031
17032
17169
34452
34544
34480
34506
34288
34308
34528
34324
27599
27598
27600
27566
27567
27568
27569
27601
27574
27575
27576
8521
27577
27423
27424
27425
27426
27582
27583
27584
27585
27436
27437
27438
8515
27439
27590
