584
94
258
57
225
636
224
388
478
107
53
22
66
64
192
349
262
588
485
215
181
40
272
270
145
553
579
205
172
422
642
265
311
89
589
453
137
382
67
277
201
450
70
54
175
14
82
609
347
125
30
381
259
129
269
351
130
416
232
481
124
535
183
477
112
621
315
249
167
542
501
127
211
387
361
667
115
25
606
255
196
65
214
594
421
161
109
96
344
42
490
656
207
189
221
164
24
571
390
444
20
488
489
128
113
511
334
425
383
376
322
332
649
287
581
411
568
633
3
229
468
392
216
16
242
291
123
245
433
419
360
423
341
43
85
651
56
462
108
610
373
74
200
194
106
402
325
393
605
301
226
32
209
508
329
406
38
49
470
428
446
235
157
143
659
266
290
499
326
138
254
202
526
188
593
368
412
491
519
536
379
305
293
327
461
335
34
567
540
298
436
495
267
35
505
15
521
283
88
386
63
71
9
640
662
146
595
545
320
592
492
220
158
213
455
457
459
359
396
294
484
237
494
585
59
155
47
178
114
487
517
603
413
547
333
204
466
86
162
313
443
141
480
147
398
661
168
541
350
50
498
75
467
41
566
570
431
263
564
191
430
173
612
5
363
102
72
472
240
645
420
23
330
432
271
469
69
622
340
509
296
619
522
256
279
608
653
187
317
307
48
316
345
324
131
328
28
464
247
46
134
103
569
81
664
342
289
534
596
476
19
625
153
426
397
372
337
60
140
618
449
353
260
395
300
105
13
408
538
551
401
116
375
632
599
417
282
336
199
142
348
355
119
306
165
233
239
587
275
557
39
10
580
631
331
208
248
371
98
27
150
448
503
318
437
377
170
635
18
502
572
654
384
424
370
212
309
456
460
292
243
554
321
2
429
87
380
206
222
55
486
482
507
404
539
544
475
463
79
668
261
286
250
166
506
197
399
474
500
136
458
518
513
185
531
516
160
7
176
658
230
154
400
440
438
415
26
139
190
528
93
607
497
44
616
276
217
284
179
620
310
558
304
439
77
91
523
546
504
219
308
367
435
666
319
473
647
133
414
273
302
297
614
323
550
643
169
601
231
151
193
62
638
17
163
496
6
117
280
61
234
563
288
623
556
369
665
90
644
99
598
532
583
452
418
409
602
617
574
110
148
8
628
121
385
281
83
660
203
132
339
562
120
561
626
555
33
548
257
171
655
364
343
389
391
366
236
11
604
591
159
184
278
582
611
174
524
111
533
493
629
510
537
600
527
613
253
441
97
84
465
144
210
648
177
118
251
646
182
560
45
512
529
303
471
374
295
578
100
92
268
338
565
442
358
21
104
410
454
641
180
156
637
577
68
241
427
149
652
552
403
525
95
434
479
378
650
549
543
135
597
218
51
352
58
152
37
669
101
586
627
575
362
663
451
657
12
299
357
615
520
314
394
634
246
405
195
483
365
73
624
576
445
244
4
228
356
36
78
80
354
274
264
29
630
223
346
447
573
238
514
407
122
52
186
312
227
559
252
1
590
31
76
639
198
530
126
515
285
