667
454
11
272
243
14
219
188
124
595
49
13
465
32
252
314
248
223
575
221
100
422
255
499
261
468
475
149
60
330
110
199
78
92
235
7
654
395
68
593
256
396
52
295
661
88
77
171
653
357
348
268
428
345
401
578
501
260
155
490
434
479
518
292
478
103
557
151
311
624
602
458
473
38
462
123
125
65
619
532
114
366
238
327
426
457
439
648
567
174
56
119
350
571
113
167
614
399
649
66
286
240
400
641
76
133
420
249
556
33
263
573
386
391
147
411
278
498
658
335
359
430
502
319
340
63
368
204
277
566
169
224
228
376
526
525
225
523
524
27
638
57
377
266
415
161
539
436
232
207
627
421
67
309
258
290
585
402
227
148
237
206
44
59
424
476
455
413
308
559
201
303
393
23
257
509
466
212
646
270
485
605
361
43
572
441
403
48
312
288
130
24
652
83
3
643
541
631
481
412
159
611
251
447
189
450
104
588
205
99
175
617
583
73
143
299
615
214
41
321
645
229
603
471
170
347
233
121
25
245
29
93
296
663
371
516
17
608
70
388
574
250
349
55
307
334
254
409
622
544
482
181
180
640
373
576
9
446
284
538
285
515
182
669
313
389
477
220
216
440
484
156
62
514
489
53
241
582
198
407
145
606
461
346
374
253
95
651
1
322
305
354
590
269
85
283
183
564
362
106
6
429
211
620
552
416
187
451
134
404
186
363
491
531
74
437
384
387
508
47
607
127
336
629
51
287
19
469
344
111
89
332
467
579
144
419
512
297
264
331
87
533
644
369
273
528
598
554
4
5
163
91
142
218
132
562
601
136
294
639
522
397
34
504
492
433
226
577
36
444
131
116
40
647
511
442
242
628
339
494
449
558
325
513
600
184
317
380
333
474
463
448
31
425
301
239
507
168
82
381
586
265
172
315
293
75
570
122
281
520
370
365
81
298
101
375
596
267
623
496
289
542
236
581
569
383
102
626
209
190
45
173
342
262
79
343
222
120
367
358
196
550
385
535
64
555
543
452
456
540
210
291
152
521
536
545
364
355
329
153
480
405
483
470
12
493
438
178
472
650
487
510
423
666
530
80
280
351
50
353
230
505
668
506
338
316
553
10
548
146
195
39
584
632
129
594
435
165
599
61
140
118
22
633
659
360
90
193
203
192
97
379
115
185
158
247
609
234
139
197
610
560
276
213
21
568
259
459
636
320
664
18
565
417
392
621
616
318
117
427
382
460
656
141
150
282
30
215
551
637
445
96
408
54
394
660
591
655
244
138
112
563
302
8
231
16
84
154
166
108
464
35
208
324
162
580
500
604
300
352
497
323
310
378
625
20
635
406
495
15
414
618
37
71
200
179
126
547
86
356
612
46
337
137
642
328
202
177
529
613
275
28
194
418
164
26
128
657
592
279
488
157
634
486
176
306
246
341
589
271
274
69
665
662
109
597
2
372
410
58
390
453
431
503
135
72
537
587
191
517
549
107
519
94
398
546
304
160
527
561
432
534
217
42
105
326
98
443
630
