523
193
9
624
207
68
342
105
421
30
559
282
46
190
11
13
130
478
140
232
148
111
393
443
151
538
411
477
29
318
462
265
490
470
49
41
505
550
260
664
365
522
613
180
568
330
210
392
189
288
639
431
154
138
643
588
146
323
518
214
405
641
493
475
441
92
565
665
363
19
418
133
96
322
80
499
548
620
156
321
631
23
406
245
220
669
76
6
58
289
355
162
380
244
423
483
131
482
38
40
438
127
467
43
166
366
165
218
56
7
112
110
139
36
186
225
617
455
610
227
172
615
109
1
208
234
510
65
476
187
103
161
558
212
223
60
619
437
649
564
449
5
57
425
511
519
143
4
343
170
55
83
451
338
589
452
571
28
554
44
489
119
607
516
446
79
281
10
308
378
35
106
614
141
480
113
347
173
623
270
128
242
306
386
259
362
573
175
500
486
241
659
595
184
263
239
601
301
98
16
340
89
395
62
448
206
3
231
94
54
394
217
410
243
168
539
290
272
442
279
286
314
273
364
145
501
533
66
463
605
339
293
115
485
153
299
557
426
416
368
472
383
157
275
537
134
258
604
350
636
319
371
396
521
466
229
12
122
196
358
597
179
367
668
648
224
628
114
513
126
233
527
42
647
163
182
61
75
325
230
97
296
385
24
73
420
50
277
409
581
657
469
634
335
357
25
268
525
574
465
45
543
320
267
544
305
20
551
382
351
528
48
81
372
458
107
176
274
540
204
84
435
300
375
556
575
656
491
650
253
348
515
439
460
596
655
334
118
197
171
360
159
70
251
353
666
471
237
496
295
434
417
21
428
572
492
399
401
403
359
294
254
473
135
646
199
200
530
116
124
536
430
311
663
541
468
59
354
87
191
317
479
53
545
474
331
504
594
495
506
102
90
74
444
302
555
117
221
609
576
349
390
626
345
39
633
603
32
198
552
82
149
652
507
188
520
292
645
160
456
584
481
579
638
78
404
324
635
608
424
280
341
662
640
34
661
257
147
155
622
235
408
69
374
414
529
174
412
450
561
587
183
137
310
205
256
502
142
453
642
590
445
152
255
215
8
315
547
252
637
67
593
18
63
213
488
291
534
577
658
246
236
436
497
602
47
125
625
498
17
337
402
591
303
283
419
202
222
33
178
209
381
400
454
542
433
384
132
287
336
85
344
517
185
397
427
562
52
459
546
484
494
346
195
14
569
194
2
388
276
285
99
71
269
327
228
535
586
413
667
377
503
567
361
72
570
461
549
177
373
120
27
284
31
129
307
352
304
219
621
248
37
266
592
247
487
508
15
531
532
457
600
201
612
192
660
278
651
332
86
313
108
77
121
329
387
298
407
238
264
26
309
312
216
326
101
100
583
369
104
136
616
150
630
240
632
429
580
123
578
606
398
611
560
524
211
627
262
415
297
440
629
389
261
526
333
271
167
181
316
644
95
654
464
203
250
22
169
328
585
653
379
582
144
158
88
370
391
514
376
509
64
553
226
598
249
599
51
91
618
356
566
563
512
93
422
447
164
432
